Timestamp, yaw, pitch, roll
0.0,0.0573492728463,-0.326063621449,-0.0758447777958
0.017,0.0552127296281,-0.325532247666,-0.0755380255699
0.0348,0.0524639318903,-0.324674708388,-0.0753015278389
0.0508,0.051397198375,-0.324504246313,-0.075432650646
0.0672,0.0500340200108,-0.324226248315,-0.0754899200855
0.0851,0.04804000943,-0.32328749124,-0.0749977422806
0.1007,0.0470928585374,-0.323023429342,-0.0745935089171
0.1174,0.0462608779853,-0.323199487051,-0.0742616908993
0.1352,0.0453804679329,-0.323313610724,-0.0739968725868
0.1512,0.0447700289256,-0.323232502865,-0.0739552517348
0.1674,0.0441340985667,-0.323374379143,-0.0739379857745
0.1841,0.0432246397457,-0.323006468305,-0.073651465332
0.2008,0.0428679178209,-0.322313805006,-0.0731783440525
0.2175,0.0423246631788,-0.321088482512,-0.0723591879296
0.2352,0.0419389162275,-0.319933438121,-0.0716752085669
0.2511,0.0417750940187,-0.319255034206,-0.0712655905092
0.2677,0.0413906689376,-0.318623376901,-0.0710206803627
0.2843,0.0409761640215,-0.317931176791,-0.0706780767141
0.3012,0.0406928798866,-0.316208321085,-0.0699067368652
0.3177,0.0400572501012,-0.3137698631,-0.0689280425199
0.3349,0.0396293008189,-0.31156974154,-0.0678442563922
0.3512,0.0394260971721,-0.310430260845,-0.0672449428585
0.3679,0.0392937422048,-0.309753700098,-0.0666238339462
0.3847,0.0391508042335,-0.308911631837,-0.0663071281145
0.4015,0.0387205050421,-0.308340172695,-0.0660962401268
0.4181,0.0381408724334,-0.307693247613,-0.0658789300987
0.435,0.0370929309688,-0.307282618098,-0.0655378341536
0.4518,0.0361061698668,-0.306910335108,-0.0653455806815
0.4682,0.0353021358323,-0.306654179956,-0.0651421701764
0.4849,0.0335184955919,-0.306163822696,-0.0647980314427
0.5031,0.0319839038939,-0.305646162072,-0.0643529902259
0.5221,0.0306580353133,-0.305284576968,-0.0639767998952
0.5387,0.0293090184339,-0.305170197848,-0.063402284258
0.5518,0.028283986624,-0.305021196278,-0.0630266843307
0.5684,0.0271529302379,-0.305080368072,-0.0623837573583
0.5851,0.0260852633452,-0.305237206989,-0.0618778183635
0.6019,0.0252988558641,-0.305406861247,-0.0612716434128
0.6188,0.0242721722472,-0.305378803145,-0.0606327208379
0.6353,0.0234479075134,-0.305385751789,-0.060133221838
0.652,0.0223025340703,-0.305605527039,-0.0596242576275
0.6687,0.0220780520805,-0.305812827217,-0.0595885326197
0.6854,0.0216722030879,-0.305886422022,-0.0595413477611
0.7031,0.0215981701457,-0.305625196077,-0.059580578595
0.7198,0.0218502929839,-0.304891026104,-0.0594827761795
0.7355,0.0232564829438,-0.303858118699,-0.0596359175412
0.7522,0.0282789654297,-0.302418345108,-0.0599829391221
0.7689,0.0383275026327,-0.300980597512,-0.060509163698
0.7856,0.0500346208762,-0.301524667216,-0.0621100836404
0.8023,0.0643058544517,-0.302168692503,-0.063852871743
0.819,0.0812747975334,-0.30339238353,-0.0663944015717
0.8357,0.101451212276,-0.306035336549,-0.0706366441166
0.8523,0.123819013308,-0.309030947449,-0.074279053882
0.8691,0.147408798692,-0.314639132872,-0.0788166938068
0.8858,0.17211047368,-0.321716778071,-0.0836169702311
0.9028,0.1966581874,-0.328155118856,-0.0889973146515
0.9192,0.22100421531,-0.335179855136,-0.095679610636
0.936,0.243093184534,-0.340338722754,-0.102479744264
0.9527,0.263661802582,-0.344014316265,-0.108371215643
0.9693,0.281892924963,-0.347091754132,-0.112156345431
0.9861,0.299361590031,-0.349808684989,-0.11539995957
1.0031,0.314878742892,-0.354688446878,-0.118531035904
1.0196,0.329370053218,-0.361330959118,-0.122192569071
1.0362,0.341401355322,-0.367786727313,-0.126658571811
1.053,0.350642036456,-0.37326150469,-0.130365585321
1.0697,0.356141054662,-0.377650915594,-0.132001302051
1.0863,0.361987603652,-0.381959716177,-0.132858134169
1.1032,0.366974202116,-0.387081936893,-0.134003266434
1.1198,0.371937381085,-0.392759583002,-0.136063353076
1.1365,0.376319333235,-0.397232505082,-0.139980727424
1.1542,0.378409237047,-0.400359276979,-0.142702286087
1.1699,0.379717951624,-0.402670506165,-0.143918648716
1.1868,0.382121813926,-0.403947946933,-0.144858544565
1.2033,0.384575405572,-0.405544184192,-0.14622694602
1.22,0.388375252672,-0.408264904465,-0.148756823569
1.2366,0.39129194836,-0.410163762721,-0.150780396045
1.2534,0.392038483798,-0.410451426022,-0.150433507102
1.2701,0.393030620948,-0.410610403118,-0.149846751107
1.287,0.393890947874,-0.410991290209,-0.150138072846
1.3035,0.394936878812,-0.410975667261,-0.150922433174
1.3204,0.395674880083,-0.410304197414,-0.151029177382
1.3369,0.396556814583,-0.409468652847,-0.150847338869
1.3536,0.398344902915,-0.407745117653,-0.150329111749
1.3713,0.401275498742,-0.406119747119,-0.150411024372
1.387,0.40485201482,-0.404032711632,-0.150629688068
1.4037,0.410271258002,-0.401674429523,-0.151045041172
1.4206,0.415446052717,-0.399181133457,-0.151752757556
1.4371,0.421673886005,-0.39699817486,-0.152820477276
1.4538,0.428618459093,-0.395108682966,-0.153754647141
1.4709,0.436370121373,-0.392989717492,-0.154109175639
1.4872,0.4456681438,-0.390378978543,-0.154153196272
1.504,0.456702146952,-0.387508270459,-0.155086036785
1.5224,0.468279777272,-0.384481187227,-0.155391336652
1.5373,0.480979572581,-0.382067158217,-0.156546128853
1.554,0.494595154335,-0.378808174624,-0.157307138639
1.571,0.509041217759,-0.375554080001,-0.158776179813
1.5874,0.523879815565,-0.372227825719,-0.160553625912
1.6042,0.537395503519,-0.368284672162,-0.160768636345
1.6209,0.552950327418,-0.363898880412,-0.160615606201
1.6376,0.567821123535,-0.359315219313,-0.160872394387
1.6544,0.584229916372,-0.353471230993,-0.16115306883
1.6711,0.600075899059,-0.34833859895,-0.161647891798
1.6877,0.616180666948,-0.343003707649,-0.161931147345
1.7044,0.632249483639,-0.338258550738,-0.162321402266
1.7211,0.648026292274,-0.334496141204,-0.163254809838
1.7378,0.663827012589,-0.33090466433,-0.163866104274
1.7549,0.678627826456,-0.326590668311,-0.163904136762
1.7717,0.693393339934,-0.323017594622,-0.164300940473
1.7879,0.70755417602,-0.319730637645,-0.164733645729
1.8047,0.721446927726,-0.31638966275,-0.164350776183
1.8215,0.734945461704,-0.312512525352,-0.163696853994
1.8382,0.748108029731,-0.308016657456,-0.162924530435
1.855,0.760780469425,-0.303981265003,-0.162522934392
1.8716,0.773211525499,-0.29915004091,-0.160649176244
1.8883,0.786656762935,-0.292317221525,-0.157389925797
1.9049,0.801804998708,-0.28531596647,-0.154757780111
1.9217,0.815582272979,-0.279128458069,-0.154124062584
1.9384,0.828739836864,-0.273606869789,-0.154479170815
1.9552,0.841700025963,-0.268051699502,-0.154668615947
1.9722,0.853718004311,-0.262617642316,-0.153679986869
1.9884,0.865265600088,-0.257985950018,-0.152419923614
2.0052,0.874956428546,-0.253331339866,-0.150496299874
2.022,0.885045492761,-0.248298481353,-0.148132195995
2.0386,0.895015207494,-0.243373095352,-0.146482531434
2.0553,0.903529900367,-0.239589423688,-0.144844979624
2.0722,0.910471764147,-0.236036663728,-0.142469734217
2.0887,0.916684898302,-0.232159834719,-0.139305899962
2.1053,0.923528821327,-0.227399772815,-0.136573269095
2.1221,0.929462769023,-0.22327212535,-0.134113044634
2.139,0.934711570672,-0.219305732204,-0.131271663326
2.1555,0.939445146403,-0.215326833792,-0.127491417707
2.1722,0.944502443349,-0.210631672098,-0.123038532147
2.1889,0.949303138661,-0.205771422774,-0.119434447105
2.2056,0.953861748163,-0.200954855207,-0.117501544293
2.2224,0.956629345648,-0.196499087667,-0.114323991142
2.2401,0.95987035282,-0.191686637953,-0.110916061572
2.2557,0.964011348353,-0.187043441654,-0.107884995884
2.2726,0.967215115052,-0.183185595961,-0.105559093635
2.2891,0.970250301676,-0.179624215226,-0.103975602901
2.3059,0.972847235848,-0.176095069677,-0.101600431658
2.3229,0.97562866244,-0.172451090848,-0.0993668599096
2.3393,0.978471263544,-0.169093706844,-0.0971656311201
2.356,0.980851499514,-0.165978967415,-0.0958069792479
2.3727,0.983473514584,-0.161766491159,-0.0939768590905
2.3893,0.986557622964,-0.157257031779,-0.0913816505489
2.4061,0.989775388043,-0.15358518419,-0.0894756178611
2.4229,0.99344827057,-0.149711774886,-0.0877892651015
2.4398,0.997136811281,-0.145570889187,-0.0859028462474
2.4572,1.00142324483,-0.140659119145,-0.0830752922731
2.473,1.00554956742,-0.135939385289,-0.0805736443056
2.4898,1.00947777901,-0.132345392251,-0.0779593896375
2.5064,1.01456545224,-0.128333443137,-0.0758780143878
2.524,1.01947452278,-0.124237131778,-0.0739917827448
2.5397,1.02442796482,-0.120726132998,-0.0719122974858
2.5565,1.02968607504,-0.117329231701,-0.0695495976962
2.5732,1.03496227845,-0.113147624332,-0.0672351228883
2.5899,1.04039164025,-0.108742288825,-0.0644042557491
2.6069,1.04612642667,-0.104612377373,-0.0612732759968
2.6233,1.05178243161,-0.100940445812,-0.0586262887405
2.64,1.05686242346,-0.0957677321839,-0.0554930355639
2.6567,1.06153000698,-0.0895892706397,-0.0512694922799
2.6734,1.06652624397,-0.0839567413305,-0.0465161886814
2.6902,1.07135624468,-0.0783653762462,-0.0421491124961
2.707,1.07569908363,-0.0723855822183,-0.0380747320536
2.7235,1.08033113586,-0.06605776886,-0.0335573224147
2.7406,1.0849358329,-0.0598885776024,-0.029198426612
2.7569,1.08852089225,-0.0542524303182,-0.025244493406
2.7736,1.09172687471,-0.0483169464042,-0.0216555142175
2.7915,1.09588463574,-0.0417027047622,-0.017693056247
2.8071,1.09958202177,-0.0361862591564,-0.0131977718397
2.825,1.10278429552,-0.0306980670692,-0.00876794291987
2.8468,1.10568448409,-0.0249381624898,-0.00495426228522
2.8674,1.10920924596,-0.0189451449215,-0.00100950918861
2.8922,1.11556354288,-0.00805493436705,0.00641411338352
2.9085,1.11718100117,-0.00266952422266,0.00973633244189
2.9253,1.11832084754,0.00346462987937,0.0139204405077
2.9408,1.12006463666,0.00912748846224,0.018598823916
2.9574,1.12070585886,0.014600480769,0.0223029759448
2.9742,1.12030732262,0.0193926853385,0.0246885112276
2.992,1.11974160474,0.0244768284838,0.0279402043291
3.0075,1.11861102453,0.0290372500291,0.0317072022588
3.0243,1.11815036859,0.0332556844627,0.0350055878201
3.041,1.11791632615,0.0369232899175,0.0371897947706
3.0591,1.11753517534,0.039900848293,0.0387507267263
3.0748,1.11709848419,0.0424904315892,0.0400320480775
3.0913,1.11526098292,0.0436705444107,0.0409779044728
3.1078,1.11418703359,0.0426316423035,0.0410215721951
3.1245,1.11345172036,0.0419199998475,0.0415265393178
3.1413,1.11227816395,0.0420430213291,0.0421854576257
3.1579,1.11057920542,0.0422579557303,0.0432734965612
3.1748,1.10897887801,0.0421051189404,0.0440902967526
3.1915,1.10665876899,0.0423337738172,0.0454834668825
3.2081,1.10445536556,0.0426992375493,0.0466270841567
3.2249,1.10164771336,0.0429278612274,0.047973580966
3.2418,1.0988138243,0.0426496251374,0.0491182828196
3.2582,1.09617919331,0.0424347062864,0.0502862523116
3.275,1.09343935945,0.0423328479717,0.051044431786
3.2918,1.09047328387,0.0421195449744,0.052125957959
3.3084,1.0864860516,0.0420299225976,0.0532104795827
3.325,1.08185495974,0.0414668175962,0.0535218661953
3.3418,1.07774296294,0.0402922247536,0.0533955089078
3.3584,1.07364754264,0.0391063299825,0.053477530827
3.3753,1.06894436227,0.0371592766311,0.0533828014689
3.3919,1.06317604992,0.0339940153499,0.0525062997436
3.4092,1.0562731476,0.030254947813,0.0510363488918
3.4253,1.04949491478,0.027693658374,0.0500320410991
3.4421,1.04379485394,0.0250953992899,0.0490384731611
3.4592,1.03749427539,0.0217389815462,0.0483040392636
3.4754,1.03030225898,0.0172644691139,0.0465128979914
3.4921,1.02179103432,0.012422006183,0.0442919856738
3.5088,1.01222577915,0.00718101897715,0.0427006665424
3.5268,1.00195894126,0.00209824541963,0.0402159165502
3.5422,0.991381783745,-0.00310281864272,0.0380569217656
3.56,0.980096710068,-0.00919554846049,0.0355190003397
3.5756,0.96756594086,-0.0159228528916,0.0329955777043
3.5923,0.953820609306,-0.0232366144835,0.0307287292073
3.6089,0.939704488638,-0.0307232624057,0.0282352279427
3.6257,0.92424842773,-0.0366184495507,0.0259305571669
3.6424,0.909042121555,-0.0418285273908,0.0240183969294
3.6592,0.891143826124,-0.0486783183199,0.021805487024
3.6759,0.871336808996,-0.0557117066604,0.0187338131639
3.6925,0.850101354588,-0.0612856781198,0.0156585019128
3.7092,0.827948491044,-0.0663542251324,0.0137968370246
3.7259,0.803919164103,-0.0719374992261,0.0113420185807
3.7431,0.777410667367,-0.0799178125611,0.0078997464101
3.7594,0.748089889489,-0.0872833585989,0.00467996943312
3.7761,0.716666054043,-0.0947895280845,0.00225386930174
3.7928,0.684815971365,-0.101357835161,0.00185255575894
3.8096,0.653179999279,-0.108131968019,0.00211114160202
3.8262,0.620890017748,-0.11538392206,0.00239177913474
3.8434,0.587973024663,-0.121386153314,0.00216169307333
3.8597,0.554880945734,-0.126862077172,0.00219709133954
3.8764,0.521328393193,-0.13201774572,0.00279718197864
3.8937,0.487642573486,-0.137584551628,0.00358420311147
3.9099,0.454234174884,-0.143310608798,0.00339611857526
3.9264,0.41979123342,-0.14864180937,0.00325850899763
3.9432,0.385435132506,-0.153028360371,0.00385439187905
3.96,0.351631462306,-0.157006651172,0.00461537130029
3.9765,0.318200123566,-0.160728243017,0.00510832202526
3.9933,0.28358509425,-0.164211015302,0.005371689798
4.01,0.24919586213,-0.168591415032,0.00589154565684
4.0267,0.214316200222,-0.173534156722,0.00534020488115
4.0434,0.177812791655,-0.179581824469,0.00429276766765
4.0602,0.140546414637,-0.186554358375,0.00456740976684
4.0781,0.104399772377,-0.195193054141,0.0057856756844
4.0935,0.0684331817848,-0.201786174239,0.00658430729624
4.1103,0.0331945555701,-0.207017243073,0.00838978470911
4.1272,-0.00151420836787,-0.212534098111,0.0114516384802
4.1436,-0.0342718258757,-0.218742984015,0.0135112310417
4.1604,-0.0662092938491,-0.224555719157,0.014739835251
4.177,-0.097137383074,-0.227886739316,0.0157996062781
4.1938,-0.127292478982,-0.230151666955,0.0175622706351
4.2109,-0.155334166541,-0.2323314244,0.0192172423125
4.2272,-0.181618978717,-0.234415344481,0.0206101123459
4.2439,-0.205900884003,-0.235056566387,0.0213394110963
4.2606,-0.23053488863,-0.234732615254,0.0237818334303
4.2772,-0.253511135168,-0.234576012878,0.0256321491976
4.294,-0.273302631236,-0.234707034885,0.0258280181902
4.3119,-0.292268840772,-0.234664609756,0.0259246329952
4.3273,-0.311937719183,-0.234266104808,0.0259732802837
4.3441,-0.330682379536,-0.234052190775,0.0262166630769
4.3612,-0.347725813347,-0.234205681883,0.0270820039579
4.3793,-0.363299297243,-0.234977921023,0.0274248327386
4.3949,-0.376921055421,-0.234010046155,0.0275182836279
4.4126,-0.389894029044,-0.232429609081,0.0286323050323
4.4275,-0.402223162236,-0.231389896032,0.0295544675852
4.4443,-0.413217141315,-0.231817731957,0.0302591319243
4.461,-0.42328910511,-0.232673574533,0.0312428447104
4.4776,-0.432041780905,-0.23256968948,0.0319287348902
4.4945,-0.440524811267,-0.232123329151,0.033381194276
4.5112,-0.448852648812,-0.231904343816,0.035255650431
4.5291,-0.456238115685,-0.231923536294,0.0363672883112
4.5446,-0.464075961826,-0.232502953352,0.0373770501112
4.5614,-0.471384131782,-0.233174313563,0.0383245332442
4.578,-0.479174823537,-0.232882498312,0.0396552742238
4.5951,-0.487532116021,-0.233024873965,0.0404764588688
4.6126,-0.495568072343,-0.23348161938,0.040684351538
4.6281,-0.50510158071,-0.234634533761,0.0422289348017
4.6448,-0.514498720206,-0.235447501609,0.0438552058285
4.6616,-0.524019901125,-0.23625036347,0.0453437840493
4.6783,-0.534200050355,-0.236085843311,0.0464564069135
4.6952,-0.545337565442,-0.236740931816,0.047876203589
4.7119,-0.556572806372,-0.236981791176,0.0494160746803
4.7283,-0.567923716338,-0.238339658421,0.0517113559494
4.7451,-0.578774716689,-0.238497952223,0.0526572887729
4.762,-0.590164266986,-0.238392399359,0.0542924405794
4.7784,-0.601327155622,-0.238127507799,0.0566017280178
4.7962,-0.613430415754,-0.236730215387,0.0589188699215
4.8125,-0.626125197806,-0.235965598436,0.060781676652
4.8286,-0.639544482146,-0.235245944067,0.0624184294948
4.8453,-0.654358439476,-0.234481810846,0.0641730343791
4.862,-0.67085799075,-0.232998316599,0.0663992976001
4.8791,-0.689941057706,-0.231314201006,0.0692256299053
4.896,-0.710871395354,-0.22999515572,0.0729078161663
4.9122,-0.733461764338,-0.228822896152,0.0765863418753
4.9287,-0.757278095046,-0.227762562615,0.0812744749171
4.9455,-0.782676163666,-0.226618851517,0.085928776539
4.9623,-0.809291622872,-0.224748146653,0.0899670851711
4.9801,-0.837862619774,-0.22181726119,0.0934827129578
4.9956,-0.867614069492,-0.218332167105,0.0975425210671
5.0124,-0.898491854269,-0.215562999589,0.102407821674
5.0302,-0.928777243532,-0.214154862589,0.107045701438
5.0457,-0.957924826288,-0.211934733467,0.110849730282
5.0625,-0.986560416421,-0.20887175972,0.114354147996
5.0793,-1.01388788373,-0.204989838563,0.117580198693
5.0959,-1.04029615905,-0.202327573697,0.120545285573
5.1126,-1.06475676779,-0.198791819288,0.123680527684
5.1292,-1.08629914252,-0.195824123577,0.126020135575
5.146,-1.10596926837,-0.193403067824,0.127504048921
5.1628,-1.12352923398,-0.190309828681,0.128041131117
5.1794,-1.13974838731,-0.18685932014,0.129223926796
5.1961,-1.15448843931,-0.184603861092,0.130187241654
5.2128,-1.16779029419,-0.183085257817,0.131375785127
5.2295,-1.17887817297,-0.182193408223,0.132126686497
5.2462,-1.18834280389,-0.181896851263,0.132571387652
5.264,-1.19568293602,-0.18176674172,0.133041098795
5.2796,-1.20217075416,-0.181664575614,0.132466948691
5.2963,-1.20686875418,-0.18147274172,0.131789586988
5.3131,-1.20995548387,-0.18198798086,0.131631501354
5.3309,-1.21146968099,-0.18251525297,0.1309686941
5.3468,-1.212268181,-0.183196992001,0.129730583274
5.3642,-1.21142320899,-0.18358479077,0.129273768807
5.3799,-1.2111919837,-0.183881453918,0.128882561882
5.3966,-1.21171664765,-0.184301073479,0.128414789538
5.4134,-1.21284642153,-0.185028052093,0.128145614028
5.4301,-1.21373121675,-0.185712741325,0.127725461263
5.4467,-1.21507198067,-0.187262562414,0.126981054426
5.4634,-1.21708042568,-0.188780062635,0.12632478368
5.4802,-1.22002303451,-0.190614697697,0.125722927491
5.4968,-1.2233818122,-0.192408017705,0.126037506877
5.5135,-1.22842711555,-0.195895390303,0.125194922932
5.5319,-1.23272308087,-0.198696577713,0.125023237091
5.547,-1.23633492362,-0.199957180116,0.125387032849
5.5636,-1.23951099854,-0.19911210772,0.125495456041
5.5817,-1.24319093505,-0.198386419715,0.125370577231
5.597,-1.24644708234,-0.198794348042,0.125470377286
5.6138,-1.24830442849,-0.198724291306,0.125241790053
5.6309,-1.25040084031,-0.197447132913,0.125204793405
5.6472,-1.25113207744,-0.196916436553,0.12508706994
5.6639,-1.25183113662,-0.196372648021,0.125469218151
5.6807,-1.25229553485,-0.195706702071,0.125532714812
5.6972,-1.25178845653,-0.192937034107,0.124902075233
5.714,-1.24966015619,-0.187154250611,0.123735917341
5.732,-1.24621210258,-0.182283728186,0.122380085549
5.7474,-1.2434913539,-0.179031875935,0.122253301646
5.7653,-1.23995380518,-0.175611101472,0.121432131963
5.7809,-1.23656308278,-0.171500929593,0.120437071052
5.7975,-1.2335051613,-0.166431127468,0.120083865751
5.8143,-1.22924808614,-0.159732127641,0.119405907229
5.8313,-1.22488205233,-0.150990300328,0.118271719767
5.8476,-1.22194673055,-0.142956791297,0.117474522314
5.8644,-1.21871816025,-0.136095969751,0.116993285577
5.881,-1.21607890735,-0.130272415021,0.117670393018
5.8978,-1.21256911427,-0.123758985094,0.117796883275
5.9144,-1.20896621346,-0.116995684634,0.118019036015
5.9316,-1.20524754989,-0.109611261752,0.11823952594
5.9479,-1.20063260163,-0.1013659439,0.118590964989
5.9646,-1.19561214945,-0.0925184286931,0.118724423551
5.9813,-1.18926832051,-0.0838967138629,0.118619799354
5.998,-1.18314705025,-0.0745503603879,0.118829092156
6.0151,-1.17564989169,-0.064091342412,0.119024559813
6.0315,-1.16811256922,-0.0536775843458,0.119267832336
6.0483,-1.1608428896,-0.0442267163975,0.120299616667
6.0649,-1.15348468658,-0.0350623800076,0.121656253729
6.0816,-1.14545696543,-0.024768561832,0.123087892569
6.0983,-1.13649991845,-0.014647176248,0.123285138539
6.1165,-1.12871292632,-0.00585019057014,0.123372772736
6.1317,-1.12090002863,0.00256053033794,0.124185574759
6.1486,-1.11414892488,0.0109764827323,0.124735449767
6.1651,-1.10797900937,0.0184595674691,0.125404780899
6.1818,-1.10221888025,0.0236348156977,0.125212170955
6.1985,-1.09628011088,0.0282826638825,0.125587358783
6.2153,-1.09002727983,0.0323723709582,0.125340799519
6.232,-1.08389835118,0.0380642108661,0.125670163836
6.2487,-1.07726634212,0.0435087609239,0.125891721064
6.2653,-1.07106037428,0.0486424913321,0.126178941012
6.2821,-1.06429595479,0.0553701365574,0.12743973796
6.2989,-1.05729803195,0.0634949607895,0.129110467232
6.3167,-1.05075068439,0.0716705405218,0.130257696911
6.3324,-1.04465293405,0.0779780917593,0.130888013306
6.3488,-1.03962900436,0.0827291101875,0.131023456122
6.3656,-1.03578318939,0.0857827638588,0.130426903596
6.3823,-1.03124108867,0.0880001801944,0.128939141605
6.4001,-1.02760336936,0.0883243537533,0.126288174971
6.4157,-1.02394918728,0.0864311117261,0.122790379426
6.4324,-1.01991005191,0.0829859804188,0.119870267942
6.449,-1.0156838761,0.0812757883175,0.118290392553
6.4657,-1.01090702929,0.082700623008,0.117545904714
6.4829,-1.0058464514,0.0852885281359,0.116684992286
6.4992,-1.0016918266,0.0861842685425,0.114906481774
6.5158,-0.998980778777,0.0844058398166,0.113218328498
6.5339,-0.996764851152,0.0828943259467,0.111446599874
6.5493,-0.994571868495,0.0818059510384,0.110454158746
6.566,-0.994058106487,0.0813754339649,0.110458919108
6.5831,-0.993858638772,0.0813540765525,0.110437544115
6.5995,-0.992339706307,0.0803938841574,0.109994385692
6.6162,-0.991155193941,0.0790657533456,0.109970591743
6.6328,-0.989914430705,0.0772859717538,0.109747154366
6.6507,-0.988815184957,0.0740902105688,0.109950048793
6.6663,-0.987127717693,0.0702954891691,0.110014427549
6.6842,-0.985616411368,0.0649727913352,0.109916099936
6.6998,-0.984285435135,0.0610430970228,0.109499918464
6.7164,-0.983315945221,0.0573121702128,0.109376635727
6.7331,-0.982186206872,0.0531459119504,0.108857261331
6.7498,-0.981455293837,0.0480447198321,0.107554293595
6.7665,-0.979742627087,0.0433386492741,0.107341411785
6.7832,-0.978466884298,0.039755532588,0.107402772513
6.7999,-0.976029509669,0.0365986160419,0.10694142603
6.8166,-0.974095661951,0.0319186091711,0.105939499726
6.8334,-0.972085221656,0.0259360762224,0.103185443346
6.8501,-0.970196017679,0.0194188049765,0.101361494443
6.8678,-0.967740760547,0.01407198924,0.0996186023921
6.8834,-0.965016656518,0.00965782047575,0.0978445192739
6.9004,-0.96197170467,0.00410110017607,0.0956498553636
6.9168,-0.957925166473,-0.000517983463163,0.0939217508985
6.9336,-0.954928867384,-0.00337066608257,0.093978383491
6.9508,-0.951359760844,-0.0052895418262,0.0936198119233
6.9671,-0.948260769496,-0.00754928526757,0.0931533042341
6.9837,-0.94497421445,-0.010703602479,0.0915501920487
7.0004,-0.942107073705,-0.0141856421038,0.0899015244982
7.017,-0.939596355763,-0.0160531004772,0.0887249952745
7.0339,-0.936588350459,-0.0168844597996,0.0880491461725
7.0517,-0.933598846546,-0.0181253456114,0.0873570638938
7.0672,-0.930847712797,-0.0198947083997,0.0861764426737
7.0839,-0.927843833235,-0.0216993299343,0.0846823603266
7.1009,-0.925598143193,-0.022524643834,0.0846601263001
7.1174,-0.923513361809,-0.0228476482307,0.0840917319422
7.1341,-0.920901293432,-0.0238646104629,0.0833192024803
7.1512,-0.918042395609,-0.0251159444043,0.0822443387342
7.1674,-0.915600385562,-0.025681040309,0.0816798972946
7.1841,-0.914189561636,-0.0257800346374,0.0821125348356
7.2012,-0.910758874798,-0.0262090452772,0.0815031464144
7.2177,-0.907960151743,-0.0272173214485,0.0810346480528
7.2343,-0.90506969134,-0.0285857648846,0.0799085318982
7.2517,-0.902249225663,-0.0296266564473,0.0793331264269
7.2677,-0.89877844538,-0.0304618727605,0.0793251811835
7.2844,-0.894296273635,-0.0309645373892,0.0787225513326
7.3022,-0.890113363808,-0.031858258129,0.077848427148
7.3178,-0.886231233518,-0.0331319825196,0.0772012986521
7.3345,-0.881882606789,-0.0348438212921,0.0760087106947
7.3513,-0.877713019906,-0.037122143823,0.0751659261453
7.3679,-0.873346547876,-0.0386284498028,0.0741573653552
7.3848,-0.868434227841,-0.0403748403838,0.0733218788696
7.4014,-0.864052528046,-0.0417195449936,0.0724755684489
7.4181,-0.859433301796,-0.0427784879181,0.0712694718733
7.4363,-0.855054303257,-0.0439390310124,0.0709897808208
7.4525,-0.849826420486,-0.0447780006526,0.0701277126928
7.4682,-0.844384902811,-0.0456512598976,0.0690821591806
7.485,-0.839650345912,-0.0470587479185,0.0680619518607
7.5016,-0.834315440941,-0.0479819221429,0.0672981846669
7.5191,-0.828847403809,-0.0481460550522,0.0665395552249
7.5365,-0.823244722451,-0.0478845247945,0.0661018876465
7.5521,-0.818107497488,-0.0480274152711,0.0651428225323
7.5685,-0.813515601854,-0.0487351667787,0.063937782054
7.5852,-0.808001588044,-0.0498787196077,0.0629574178496
7.6019,-0.802390679435,-0.0514431803769,0.0619161189749
7.6189,-0.797322656386,-0.0521590386884,0.0615765030435
7.6352,-0.791901055973,-0.0532337842115,0.0605074229023
7.652,-0.786668621113,-0.0554284594334,0.0591044646527
7.6687,-0.780515735766,-0.0581759711564,0.0578361085714
7.6854,-0.774425420633,-0.0609566020295,0.0567908800933
7.7021,-0.76787582904,-0.0636824841878,0.0551158140374
7.7191,-0.761032651917,-0.0665533570247,0.0532570975124
7.7355,-0.753736174191,-0.0705881792457,0.0512336263959
7.7522,-0.746397440513,-0.0746199847124,0.0495351795127
7.7689,-0.738060558996,-0.0779072666427,0.0480771399085
7.7856,-0.730008386369,-0.0806178617793,0.0470458144766
7.8023,-0.721693345135,-0.0842572774156,0.0465853831514
7.8192,-0.712585960163,-0.0886537089018,0.0457383965046
7.8357,-0.703595424316,-0.0935012878281,0.0448568134556
7.8524,-0.694381537104,-0.097439069028,0.0441848353831
7.8691,-0.685342233788,-0.102395300553,0.0433479480527
7.8858,-0.675101975518,-0.108953401373,0.0424818520975
7.9029,-0.664189744757,-0.116959459372,0.0405260396872
7.9194,-0.65221533898,-0.125743235045,0.0372637627244
7.9359,-0.639978380205,-0.13415366359,0.0332108942566
7.9526,-0.626528218831,-0.143171345769,0.0283961310448
7.9694,-0.611446765046,-0.15112869409,0.0242520768185
7.9861,-0.598214026958,-0.157361904489,0.0215117201882
8.003,-0.585261018529,-0.162797456561,0.0183767518646
8.0196,-0.572485094266,-0.169625765433,0.0144637810415
8.0362,-0.559485164439,-0.178603599155,0.00965133860229
8.0528,-0.54541265052,-0.188539366395,0.00466131237965
8.0697,-0.531812456279,-0.19803144278,-0.000701565689049
8.0863,-0.517028522306,-0.207237328122,-0.00637539786472
8.1041,-0.502663553241,-0.217587403809,-0.0127501539041
8.1197,-0.487256745454,-0.226338617745,-0.0185914789089
8.1365,-0.472518886672,-0.230903808453,-0.0238900305096
8.1531,-0.458757312595,-0.233298547767,-0.0268888500566
8.1698,-0.446596857647,-0.235537253441,-0.0286243417268
8.1869,-0.43330677687,-0.238629933489,-0.0311630563153
8.2033,-0.420597683225,-0.241494213288,-0.0340971961618
8.2199,-0.407782160304,-0.241310622198,-0.0362182241042
8.2382,-0.398013412197,-0.238817506104,-0.0362207328376
8.2558,-0.387752405916,-0.236639135827,-0.0359955345997
8.2722,-0.377611846394,-0.235560475856,-0.0357536733103
8.2879,-0.367397268272,-0.235257732902,-0.035776733588
8.3034,-0.356494405829,-0.234756022328,-0.036169028313
8.3202,-0.346598148477,-0.233346549257,-0.0369652763075
8.3368,-0.336913715764,-0.231978691288,-0.0368890507591
8.3536,-0.327492545419,-0.230796445925,-0.0367223557588
8.3703,-0.317891963359,-0.230060624218,-0.03715360352
8.3872,-0.308181091681,-0.229450961352,-0.0377457038127
8.4037,-0.298140628839,-0.228771853986,-0.0386262626955
8.4205,-0.289120470522,-0.228108864624,-0.0382806821093
8.4371,-0.279158644588,-0.227163530517,-0.0384123125304
8.4539,-0.270421090345,-0.226394498149,-0.0371149304958
8.471,-0.261807153639,-0.224948877143,-0.0360629622661
8.4872,-0.254825041972,-0.222331699935,-0.0340776904748
8.5039,-0.248534008431,-0.219790239557,-0.0328477799952
8.5219,-0.242472268921,-0.217715538782,-0.0323029669697
8.5413,-0.238060736552,-0.215759783916,-0.0321054975131
8.5541,-0.232541428995,-0.213584622073,-0.0316707857528
8.5711,-0.228365640891,-0.211439792023,-0.0306073874587
8.5874,-0.22530122994,-0.209843551514,-0.0299474063854
8.6043,-0.222097822197,-0.208289609174,-0.0296612886396
8.621,-0.219923217676,-0.207049631354,-0.0293968379629
8.6376,-0.218280332825,-0.206241534998,-0.0292532011424
8.6543,-0.21736215349,-0.205616683282,-0.0287545642489
8.6721,-0.216732395467,-0.204918267946,-0.0288024950922
8.6877,-0.216675794728,-0.204726623055,-0.0285551291737
8.7044,-0.216301098904,-0.204205025557,-0.0282958079965
8.7224,-0.21615705369,-0.204184186763,-0.0283016468482
8.7378,-0.215852791934,-0.204227495252,-0.0281156490177
8.755,-0.215619057626,-0.204295631105,-0.0278181833316
8.7713,-0.215446758527,-0.204541012251,-0.0275140381191
8.788,-0.215299375209,-0.205048797714,-0.0273722120953
8.8047,-0.215247688229,-0.206088944915,-0.0274609139968
8.8219,-0.215186389354,-0.207277766405,-0.0278171998306
8.8381,-0.215150201415,-0.207902204122,-0.0281634924091
8.8552,-0.215235270279,-0.208202688229,-0.0284964825592
8.8726,-0.215375303612,-0.208168260143,-0.0287061097962
8.8889,-0.215787239625,-0.208054925992,-0.0288526128836
8.9049,-0.216429350381,-0.207793936361,-0.0290972518506
8.9217,-0.216694118724,-0.207679816505,-0.0292826797087
8.9384,-0.217488266673,-0.207435684219,-0.0294442059051
8.9552,-0.21844011699,-0.207298925547,-0.0296323284446
8.9718,-0.219886087391,-0.207329722188,-0.0297442220257
8.9885,-0.221669135144,-0.207493932868,-0.0297112957409
9.0051,-0.223188242981,-0.207613825741,-0.0296983117019
9.022,-0.225003693499,-0.207766610066,-0.0295536858066
9.0389,-0.227565421304,-0.208043510689,-0.0294356211007
9.0555,-0.229597867554,-0.208232652469,-0.0293678533516
9.0722,-0.232622190595,-0.208382604793,-0.029277815947
9.0888,-0.234500223225,-0.208473474142,-0.0289363617133
9.1055,-0.236832423382,-0.208367331466,-0.0287127860601
9.1221,-0.238595303586,-0.208739578016,-0.0287127201723
9.1391,-0.240802312754,-0.208938732557,-0.0285284448541
9.1554,-0.243074438855,-0.208753175313,-0.0285006766623
9.1726,-0.244909437269,-0.208797167705,-0.0287823763641
9.1889,-0.2472289047,-0.208915326755,-0.0288938656049
9.2056,-0.249876639505,-0.209248585936,-0.0291783914035
9.2224,-0.25121312553,-0.209236222103,-0.0295853042771
9.2391,-0.253758885143,-0.209232965395,-0.029477199688
9.2557,-0.256214170259,-0.208678639603,-0.0296698104303
9.2725,-0.25986731753,-0.208030014529,-0.0290486492065
9.2891,-0.265385938069,-0.205174616252,-0.027055852542
9.3059,-0.273921453918,-0.199254229629,-0.0234213191314
9.324,-0.285739519425,-0.190501606985,-0.0171248362329
9.3394,-0.302500020615,-0.179814632718,-0.00712133358942
9.356,-0.326256784386,-0.166621240484,0.00637529207073
9.3726,-0.353030371392,-0.155730342404,0.0190823536676
9.3895,-0.37984282138,-0.146482507275,0.0301901956978
9.406,-0.404662707726,-0.138869206276,0.0388764532744
9.4231,-0.428015309272,-0.132049995638,0.0452944553639
9.4396,-0.44932168569,-0.126165961744,0.0493157889438
9.4562,-0.469458656185,-0.121052218924,0.0512478738643
9.4729,-0.487631252406,-0.117087412192,0.0518845916527
9.4898,-0.504394111384,-0.113804407449,0.0514530613839
9.5063,-0.518867721757,-0.111028066268,0.0509572055653
9.5231,-0.532067988809,-0.108228332745,0.0508653728046
9.5408,-0.543616313974,-0.105056400581,0.0508524263348
9.5564,-0.554248510502,-0.102153884395,0.0514875499989
9.5732,-0.564411854757,-0.0989527482716,0.0514275321617
9.5898,-0.571999328159,-0.097167797008,0.0511183875965
9.6069,-0.579623688501,-0.0957256556025,0.0507225571152
9.6233,-0.585759947882,-0.0930421512723,0.0506234449924
9.64,-0.591520663151,-0.0913519388067,0.0508250506226
9.6567,-0.595687453416,-0.0904407963284,0.0511064495142
9.6734,-0.59846853704,-0.090388162259,0.0513863641103
9.6904,-0.600190512712,-0.0903756319545,0.0515224160952
9.7071,-0.602751061184,-0.0905371919152,0.0514658442975
9.7247,-0.602246959529,-0.0914649618403,0.0518914710269
9.7403,-0.601268754671,-0.0922400316876,0.051836852691
9.7569,-0.601456835366,-0.0927202560268,0.051883416218
9.7737,-0.601484981552,-0.0933256459689,0.0519854768302
9.7904,-0.601234072015,-0.0941358314889,0.0520914459134
9.8071,-0.600354391592,-0.0951657035033,0.0517425441068
9.8249,-0.59884730433,-0.0960577376578,0.0511852393796
9.8417,-0.597835798988,-0.096419457729,0.0507688791928
9.8571,-0.597355554307,-0.0965948498241,0.0506519307288
9.8739,-0.596163513136,-0.097039054451,0.0504238008135
9.8908,-0.595025701022,-0.0976863292945,0.0505276887432
9.9073,-0.593482045934,-0.0985745113347,0.0507849551143
9.9239,-0.592696037263,-0.0987843341949,0.0508037786069
9.9419,-0.591835980506,-0.0986451289176,0.0508509131304
9.9574,-0.591060484935,-0.0986694630287,0.0511839320648
9.9741,-0.590424889261,-0.0988290607286,0.0512883521587
9.9911,-0.589329027214,-0.0990927230929,0.0513542056283
10.008,-0.588225002024,-0.0993093650697,0.0513255740655
10.024,-0.587503031092,-0.0994200376345,0.0514349068505
10.042,-0.586488083792,-0.0996063745897,0.0514180954117
10.058,-0.585633775042,-0.100001787423,0.0512378243454
10.074,-0.584648758871,-0.100271463823,0.0509883773377
10.091,-0.583856617617,-0.100609615094,0.0507749802495
10.108,-0.583065026202,-0.101019941749,0.0505822053997
10.125,-0.582383087705,-0.101343485669,0.0504288679387
10.142,-0.581338614237,-0.101453567707,0.050414947687
10.158,-0.580297634826,-0.101244496127,0.0506391997281
10.175,-0.579090847761,-0.100939794146,0.0509127160764
10.191,-0.578417883098,-0.100775246092,0.0509418461331
10.208,-0.577124686258,-0.100984120491,0.0508259131199
10.225,-0.57605816469,-0.101057729353,0.050748917781
10.242,-0.57514715009,-0.101079275127,0.0508508017561
10.258,-0.57433058877,-0.100984946024,0.0509280826149
10.275,-0.573390611372,-0.10076484354,0.0510441518308
10.293,-0.57217051118,-0.100560992839,0.0514122756977
10.308,-0.571314130067,-0.100498976848,0.0517993821332
10.325,-0.570312774155,-0.100347654819,0.0522770212243
10.342,-0.569409732492,-0.100487282829,0.0524557603593
10.358,-0.568331816269,-0.100833425256,0.052632242391
10.376,-0.567518037683,-0.101274612808,0.0527038559598
10.392,-0.566451428396,-0.101941345535,0.0529221348069
10.41,-0.565289277815,-0.10249844521,0.052976775658
10.425,-0.564067547582,-0.102927866599,0.0531652032351
10.442,-0.563191099616,-0.103493436503,0.053440177276
10.459,-0.562236104852,-0.104050748828,0.0534637046449
10.475,-0.561079685465,-0.104937640031,0.0533782908202
10.493,-0.560404652943,-0.105569960728,0.0534849685047
10.509,-0.559446813461,-0.106189030428,0.0534013964696
10.526,-0.558583812918,-0.106699549111,0.0533025442561
10.545,-0.557735425667,-0.10738056922,0.0532109408182
10.559,-0.556903372182,-0.107884275019,0.0529152041572
10.576,-0.556362847921,-0.108424427648,0.0525892285429
10.592,-0.555391066877,-0.108992642201,0.052327532507
10.609,-0.554300118031,-0.109561331884,0.0518035031128
10.626,-0.553227056889,-0.110219919535,0.0511444330936
10.642,-0.552058358873,-0.110779343874,0.0507796895171
10.659,-0.55079314861,-0.11123027724,0.0505673487652
10.676,-0.549272007037,-0.112201602257,0.0501957102047
10.692,-0.547330765245,-0.113080798068,0.0498702274773
10.709,-0.544948558934,-0.113755877644,0.0499369562856
10.726,-0.54293466493,-0.114278038336,0.0496367345622
10.743,-0.53947101968,-0.11514653979,0.0495264282697
10.759,-0.534481607512,-0.116999446999,0.0496019143278
10.776,-0.528963229414,-0.118611316347,0.0489962140368
10.793,-0.521709753919,-0.120763617572,0.0493385509068
10.81,-0.51108236444,-0.123576570206,0.0492362619723
10.826,-0.497733612975,-0.126936050959,0.0490252329422
10.843,-0.480153319178,-0.130297849222,0.047348866763
10.86,-0.46130531644,-0.132225390761,0.0449900059136
10.876,-0.441214906397,-0.134182778264,0.0425295987206
10.893,-0.419068322939,-0.13693002046,0.0396246573609
10.91,-0.394849357019,-0.139894438511,0.0365704544589
10.926,-0.368714494653,-0.142395083981,0.0344257025254
10.943,-0.342021088556,-0.143839881166,0.032081841144
10.96,-0.31569826803,-0.144448843098,0.0296868132794
10.977,-0.28976808779,-0.145437062125,0.0259847397923
10.993,-0.262979754826,-0.147130969755,0.0235447604881
11.01,-0.23625551733,-0.148553869925,0.021214801687
11.027,-0.209236117757,-0.149441358154,0.0186186171206
11.043,-0.182107706719,-0.150350445486,0.0162865459285
11.06,-0.156407059484,-0.151978044544,0.0148643574183
11.078,-0.129197323569,-0.154101072539,0.0132552076678
11.093,-0.101586770139,-0.156385170977,0.0122463714536
11.11,-0.0733139729684,-0.157697053464,0.0114450302203
11.127,-0.0456412162783,-0.158952030846,0.0101374777175
11.144,-0.0181110308747,-0.159705385801,0.00946525192491
11.16,0.010016730965,-0.160832077667,0.00914924532045
11.177,0.0380667023246,-0.161128864091,0.00864272864445
11.194,0.065282630056,-0.161665926602,0.00726959266695
11.211,0.0909353828061,-0.161640974428,0.00767458864164
11.227,0.118199717361,-0.161515752333,0.00888230455134
11.244,0.145827932638,-0.16042080995,0.00940537574961
11.262,0.173532158201,-0.158740122697,0.00809261043299
11.277,0.197536279843,-0.158276687412,0.00757993288487
11.294,0.219851536142,-0.157143471115,0.0070364804817
11.311,0.241043733161,-0.156152916163,0.0068773468253
11.327,0.260358389406,-0.154396163442,0.00669421380274
11.344,0.278751510031,-0.15297657058,0.00612770634038
11.362,0.294709640027,-0.152666062917,0.00597677406426
11.377,0.308977807631,-0.152560090947,0.00593150636531
11.394,0.321703223338,-0.15180732894,0.00624074007142
11.411,0.332747246124,-0.151076773672,0.00580302406691
11.428,0.341564445738,-0.150827941874,0.00538588764614
11.444,0.349185578246,-0.15012731515,0.00574955307654
11.461,0.3575427932,-0.149371405612,0.00589387997918
11.478,0.364983380019,-0.148218610561,0.00571198620659
11.495,0.371783148486,-0.147126081402,0.00521852802479
11.511,0.378113999137,-0.146118049103,0.00444097425101
11.528,0.383594571619,-0.144869681784,0.00355062392879
11.547,0.388769272952,-0.142541887834,0.00306870212566
11.561,0.393233138791,-0.140685516654,0.0023462705226
11.578,0.397429418213,-0.138713461734,0.00160985468373
11.595,0.400004168266,-0.13787577912,0.00120250877245
11.612,0.401944667191,-0.136115329468,0.000596663497339
11.628,0.403244813604,-0.134584119703,0.000413729698247
11.646,0.404575838966,-0.133084582133,0.000103839643322
11.662,0.405189918576,-0.132289404089,0.000228049074116
11.678,0.405890057536,-0.131411833848,-1.62747235635e-05
11.695,0.407207314157,-0.130065919498,-0.00037095088118
11.712,0.40813217727,-0.128958222107,-0.00101286087292
11.728,0.409885463196,-0.127527812788,-0.00186683521607
11.745,0.410936152731,-0.126496034768,-0.00251935738869
11.762,0.41278459147,-0.125995554933,-0.00305007575645
11.779,0.415822098908,-0.125437035975,-0.00388188109881
11.795,0.419350719368,-0.125382577566,-0.00463431480345
11.812,0.423647555173,-0.124912098338,-0.00629950635915
11.829,0.428153585739,-0.124424872587,-0.00730650098336
11.845,0.432529551763,-0.124547358979,-0.00839325891605
11.862,0.43731873736,-0.125480926339,-0.0102093390826
11.879,0.442420022251,-0.126449540277,-0.0122582025816
11.895,0.447081428777,-0.128122136033,-0.0139121997988
11.913,0.453150092926,-0.130852987151,-0.0161408689658
11.929,0.459409183739,-0.134474956211,-0.0187800585791
11.945,0.466735112819,-0.139868199204,-0.022199711109
11.964,0.474918374874,-0.14807677917,-0.0258667809675
11.979,0.482771187939,-0.159033312715,-0.0302089647533
11.996,0.491462949852,-0.173833357157,-0.0367543137166
12.012,0.501301891654,-0.192191527586,-0.0457180230825
12.029,0.510438293087,-0.210977308942,-0.0549460302079
12.046,0.520021579732,-0.227113052262,-0.0635173297254
12.063,0.529715010613,-0.24056516543,-0.0706148956474
12.079,0.539484456216,-0.253214081921,-0.0763970182008
12.096,0.549379274516,-0.266182417906,-0.0824089575132
12.114,0.560119598446,-0.279242551919,-0.0884782078678
12.131,0.570544945208,-0.29070642257,-0.0954953304969
12.146,0.580353976652,-0.299818011599,-0.101627543019
12.163,0.58997491143,-0.306539164693,-0.105709907449
12.179,0.599630770758,-0.311363823539,-0.107023673422
12.196,0.609857809513,-0.316035274597,-0.109216152737
12.213,0.620515294707,-0.321157860123,-0.112029017224
12.229,0.630704167039,-0.326171216867,-0.115471074501
12.246,0.639869433942,-0.32865528391,-0.117444983489
12.264,0.648174566353,-0.328733150961,-0.117185794576
12.28,0.656761950461,-0.328960506993,-0.116565875049
12.296,0.666211642168,-0.328895060687,-0.116661728538
12.313,0.675156607512,-0.328186993342,-0.115752300281
12.33,0.683641911682,-0.327110510543,-0.114625501337
12.346,0.691004853867,-0.324906470487,-0.112683663194
12.363,0.69863453605,-0.321876590337,-0.110060124611
12.38,0.707257640787,-0.31723819122,-0.107154695723
12.397,0.715840791345,-0.311395689085,-0.104031517203
12.413,0.725577600432,-0.305157363016,-0.101996862624
12.43,0.735448548456,-0.298322640158,-0.100186590917
12.447,0.746085483445,-0.29053655125,-0.0984894234801
12.463,0.756720659032,-0.282726133014,-0.0965323212902
12.48,0.768778629985,-0.275630941265,-0.0933677528971
12.497,0.781622887214,-0.268974169669,-0.0905499156208
12.515,0.795446612749,-0.26160961305,-0.089183046234
12.53,0.810511699906,-0.254536600397,-0.0872058089416
12.548,0.825816723295,-0.247911628977,-0.0856931492494
12.564,0.842938488645,-0.240886537188,-0.0825335640917
12.58,0.863185396945,-0.232322334341,-0.078961183897
12.597,0.887938963168,-0.222436062091,-0.0768319532701
12.614,0.916246017878,-0.211719653568,-0.0767510349835
12.631,0.948724209149,-0.199350730145,-0.0773916863304
12.647,0.982322219371,-0.187926527826,-0.077744854821
12.664,1.01653280057,-0.177689268554,-0.0778822750773
12.681,1.05040621768,-0.168493126115,-0.0765050605693
12.697,1.08352030414,-0.159125818433,-0.0743144174871
12.714,1.11544861097,-0.150852146982,-0.0714641849547
12.731,1.14621610117,-0.143020095811,-0.0689398545942
12.747,1.17516544848,-0.135726096587,-0.0652433315777
12.764,1.20238750899,-0.128829167158,-0.061078539925
12.781,1.22895678086,-0.123153249089,-0.0565071908143
12.798,1.25337185928,-0.118897955965,-0.0522706802697
12.814,1.27663839015,-0.114458665703,-0.0479090274518
12.831,1.30010913046,-0.110898063681,-0.0440753543058
12.848,1.3226826201,-0.108441638691,-0.0409417644937
12.864,1.3447652612,-0.105788425753,-0.0388393307042
12.882,1.36539781661,-0.103720493775,-0.036980343359
12.898,1.38621494359,-0.100807796652,-0.0355270775944
12.915,1.40626522055,-0.0983182418586,-0.0335513059448
12.931,1.42500328902,-0.0971912356566,-0.0318206403681
12.948,1.44213037362,-0.0961037525078,-0.0316423901512
12.965,1.45831208256,-0.0951605118934,-0.0321808599778
12.982,1.4732953847,-0.0940866864123,-0.0316584310743
12.998,1.48716318287,-0.0925970341367,-0.0302734431352
13.015,1.50035456247,-0.0909244108328,-0.029479590123
13.032,1.51344220263,-0.0902668637946,-0.0287288969989
13.048,1.52637634836,-0.0894233109812,-0.0288678014406
13.065,1.53928500842,-0.0887566260919,-0.0293978148046
13.082,1.55221708852,-0.087621229941,-0.029417246074
13.098,1.5656729963,-0.0851302258154,-0.0291391363732
13.115,1.57963804249,-0.0826246388958,-0.0291902615736
13.132,1.59240032261,-0.0801905136609,-0.0288746709183
13.148,1.60666907015,-0.0781000575948,-0.0283596750859
13.165,1.62136918231,-0.0756403505151,-0.0277364385463
13.182,1.63718795641,-0.0740547409672,-0.0274299511654
13.198,1.65191265801,-0.0721375941892,-0.0270728500424
13.216,1.66787894331,-0.0704641633495,-0.0268457037745
13.232,1.68416596763,-0.0689927296094,-0.0264070955403
13.249,1.70134150188,-0.0681924703784,-0.0260027280719
13.265,1.71749618054,-0.0680687295807,-0.0256438069096
13.283,1.73369065257,-0.0676717231903,-0.0244991615957
13.299,1.74876148875,-0.0667725839016,-0.0231434367631
13.315,1.76291062835,-0.0652626494603,-0.0212706258309
13.333,1.77754354735,-0.0642034816934,-0.0190660622448
13.349,1.79230110286,-0.0630957552828,-0.016523298274
13.366,1.80836867368,-0.0623980174825,-0.0135637808772
13.382,1.8256310684,-0.0622714507069,-0.0100100483549
13.399,1.84264626679,-0.0620201487056,-0.00694268318409
13.416,1.86023120129,-0.0619895677787,-0.00454297358759
13.434,1.87707745553,-0.0620004851317,-0.00194913429339
13.449,1.89337547316,-0.0612414488246,0.000540477794796
13.466,1.9087727778,-0.0603311191295,0.00381401307616
13.482,1.9231667046,-0.0598677940649,0.0073127315058
13.5,1.93693975022,-0.0601250164315,0.0113892909389
13.516,1.95138287924,-0.0609420788223,0.0149977541152
13.533,1.96290245645,-0.0618531952945,0.0183918119998
13.552,1.97354541902,-0.0614700332482,0.0210006446976
13.566,1.98395027001,-0.0620372645221,0.0246216895594
13.583,1.99324454599,-0.0619546762388,0.0279027437613
13.599,2.00218323277,-0.0622414530963,0.0312286213108
13.616,2.00930402371,-0.062349150139,0.0351724956423
13.633,2.01679127824,-0.0622498574797,0.038144025064
13.65,2.02342217967,-0.0621263619805,0.0421549199295
13.666,2.0299451137,-0.0619226460282,0.0457098950234
13.683,2.03536781483,-0.0617988611325,0.0487122021644
13.7,2.03960625838,-0.0618132476399,0.0519562199733
13.716,2.04506673808,-0.0612478535526,0.0543306278481
13.734,2.04859920595,-0.0609316700468,0.0568985841306
13.75,2.0515563267,-0.0616871030122,0.0591720008349
13.766,2.05304168343,-0.0631578235164,0.0602318057454
13.783,2.05430752051,-0.063910584595,0.0610438017578
13.8,2.05271383563,-0.0640585703786,0.0603589244936
13.817,2.05261751958,-0.0644918479984,0.0609145736527
13.833,2.05251373504,-0.0649706737553,0.0613605459877
13.85,2.05263739176,-0.0658908218702,0.0623226722871
13.867,2.05201402338,-0.0667022967001,0.0631492327372
13.883,2.05088518561,-0.0679506013277,0.0635899363057
13.9,2.04860536161,-0.0694170059354,0.0635156704283
13.917,2.04565432988,-0.0703262222983,0.0628501687809
13.934,2.04210364247,-0.0709890115033,0.0631067799826
13.951,2.03690091103,-0.0716839004462,0.0629899162735
13.967,2.03257727389,-0.0727438806055,0.0625630096478
13.984,2.02848410237,-0.0739767619673,0.0615325288285
14.0,2.02459486388,-0.0744361368392,0.0612588602882
14.017,2.02175732342,-0.0744025408468,0.0615289491629
14.034,2.01985676152,-0.0741756013419,0.0612463098488
14.051,2.01798477296,-0.0744881899457,0.0613862001822
14.067,2.01553406995,-0.0745225759589,0.0607472935783
14.084,2.01351747158,-0.075035478527,0.0603039237263
14.102,2.01179854087,-0.0752258336554,0.0596966217447
14.117,2.00912825901,-0.075404155009,0.0590443837033
14.134,2.00584573814,-0.0767627709703,0.0586329176561
14.151,2.00250008461,-0.07808789767,0.0578744827057
14.167,1.99937817034,-0.0794771910701,0.0568865067885
14.184,1.99661453362,-0.0810522219227,0.0562048842243
14.201,1.99346083762,-0.0829338818541,0.0546645213072
14.218,1.99084160727,-0.0849857000307,0.0525472413267
14.234,1.98832586208,-0.086375037361,0.0509988269888
14.252,1.98643285741,-0.0867835331242,0.0503791995391
14.268,1.98417059034,-0.0868664804002,0.0501882332027
14.284,1.98144625222,-0.0874205574027,0.0500731184468
14.301,1.97855704745,-0.0883905459277,0.0501029819334
14.318,1.97316683179,-0.0894559738245,0.0504190350148
14.335,1.96872920213,-0.0900687712341,0.0510614864868
14.352,1.96425330726,-0.0906133101139,0.0514111892802
14.368,1.95831412824,-0.0909482446989,0.052697498895
14.385,1.95249344303,-0.0916861893652,0.0534145859432
14.403,1.94485333202,-0.091757989095,0.053864054859
14.418,1.93770269489,-0.0919676510247,0.0555026515824
14.435,1.92995925002,-0.0918827367602,0.0557616235104
14.453,1.92199759726,-0.091528527825,0.0561802261641
14.469,1.91228226022,-0.0911221638029,0.0563170723477
14.485,1.90234714001,-0.0907216912758,0.0559093490889
14.502,1.89253935019,-0.0897138979733,0.0564498409821
14.518,1.88261405241,-0.0873367810947,0.0562514407509
14.535,1.8726057767,-0.0843825576255,0.0559801288978
14.553,1.86199834121,-0.0823564923688,0.0554853476247
14.568,1.85030814326,-0.0819700042101,0.0548749247465
14.585,1.8374313484,-0.0803696481704,0.054267108077
14.602,1.8239632156,-0.0774338751374,0.0555961439118
14.619,1.80998360016,-0.0747005092065,0.0576109455206
14.635,1.7952528337,-0.0730144024572,0.058245467377
14.652,1.7787938616,-0.0718824130267,0.058290302231
14.669,1.76094096034,-0.0695529921995,0.0582406414809
14.685,1.74443929381,-0.067251267364,0.0586322548338
14.702,1.72746027609,-0.0656832122457,0.0585268512138
14.719,1.70940081027,-0.0639161711478,0.0574541242293
14.735,1.69104284825,-0.0617707458886,0.05660489464
14.752,1.67176628967,-0.058765590749,0.0558715862832
14.769,1.65202872239,-0.055870706162,0.0571230066963
14.786,1.63239409934,-0.0515998170003,0.0579272420772
14.802,1.61252362351,-0.0465407829721,0.0591067921961
14.819,1.59313181746,-0.0408022630293,0.0617993437023
14.836,1.57249335396,-0.0362635699522,0.0635428742746
14.852,1.55216770858,-0.0316717932635,0.0649250708087
14.869,1.53217193624,-0.0269890630558,0.066019849018
14.886,1.51332630088,-0.0228452046931,0.0666124559696
14.903,1.49359701909,-0.0196854241779,0.0670656354996
14.919,1.47468451977,-0.0172082609246,0.0662792295347
14.936,1.45469590042,-0.014045132306,0.0654785373678
14.953,1.43523678608,-0.0106120748807,0.0656048972008
14.969,1.41486087233,-0.00752526070515,0.0669575887994
14.986,1.39542510382,-0.00582439865072,0.0678004026665
15.003,1.37491313391,-0.00427285374177,0.0681136309412
15.019,1.35389638184,-0.00166965275576,0.0685928409697
15.036,1.33290894593,0.00147739563745,0.0703370125491
15.054,1.31233650503,0.00327960681914,0.0730832247084
15.07,1.29125999376,0.0054595558619,0.075319402026
15.086,1.26921280113,0.00764189513906,0.0761283195146
15.103,1.24489369456,0.0115816572154,0.0771143907389
15.12,1.22063342533,0.0145030708017,0.0790149260174
15.136,1.19663438119,0.0161853089927,0.0804626486055
15.153,1.17239475376,0.0180137364112,0.0814768028531
15.17,1.14850545906,0.0215660355864,0.0832358544011
15.187,1.12382099165,0.025810615291,0.0858047099602
15.203,1.09993560235,0.029926424092,0.0866109914482
15.22,1.07574156789,0.032808010552,0.0865421291802
15.237,1.04992548581,0.0350699355124,0.0853294547462
15.253,1.02211200467,0.0366127080823,0.0847996478106
15.27,0.993450903013,0.0369285810424,0.0843228406954
15.287,0.965898027007,0.037704793851,0.0839837134566
15.303,0.938788481642,0.040007834101,0.0827348908503
15.32,0.911325730629,0.0415022413733,0.0803125762447
15.337,0.882607411495,0.0416137716097,0.0767020597064
15.353,0.851659946997,0.0402316600318,0.071705752993
15.37,0.819683809333,0.0391752706644,0.0670830702617
15.387,0.788782326229,0.0389063601549,0.062759816913
15.404,0.757541784926,0.0385302311792,0.0598577415715
15.42,0.726813869447,0.0373832722151,0.0573716555386
15.437,0.693900067949,0.0360125375424,0.0543917677671
15.454,0.661121457119,0.0352002699316,0.0512565518738
15.472,0.627867459251,0.0344994037554,0.0508701388879
15.487,0.595916427392,0.0341536569351,0.0498219180103
15.504,0.564332076715,0.03370670896,0.0487032387729
15.521,0.531900939281,0.0342322114319,0.0468168684611
15.537,0.498515369489,0.0359279148635,0.0451171717769
15.556,0.465924108627,0.0382927692194,0.0441989432517
15.572,0.432857181043,0.0401494973627,0.0429038135329
15.588,0.399293038347,0.0417010531503,0.0417082253268
15.604,0.36670635599,0.0422910372304,0.0411787833696
15.621,0.333009893697,0.0428599860996,0.0402944872813
15.638,0.300523068684,0.0430060978991,0.0389160061798
15.654,0.266534640753,0.0434836531367,0.0378309365917
15.671,0.233360594196,0.0452643429992,0.0370575377192
15.688,0.200908916814,0.0454470768859,0.0369000035869
15.704,0.169514554122,0.0460766661341,0.0361148573229
15.721,0.138118534054,0.0476236322999,0.0348139890557
15.738,0.106783071215,0.0500307056189,0.0337173828009
15.755,0.0754258298964,0.0513186835671,0.0331805065425
15.772,0.0451076162296,0.0527418732164,0.0319557334735
15.788,0.0159529483209,0.0549943778476,0.030936342447
15.805,-0.0107896562532,0.0573062678988,0.0305412127776
15.821,-0.037132179098,0.0591298875436,0.0307363330161
15.839,-0.0620113472318,0.059870099303,0.0309525450776
15.855,-0.0856669676886,0.0616070803227,0.0315297186297
15.872,-0.108198876171,0.0641347727012,0.0325968364293
15.888,-0.128975030666,0.0665228997475,0.0341982551073
15.905,-0.148171106677,0.0673436594421,0.0359481833
15.922,-0.166012012951,0.0675764342885,0.0370883908633
15.938,-0.183487034333,0.0671896459029,0.0381668198581
15.955,-0.200271606423,0.0670308404241,0.0381584466996
15.973,-0.214985954282,0.066770968562,0.0388232443533
15.99,-0.228818756267,0.066876538922,0.0395293662533
16.005,-0.242601022068,0.0664022507156,0.0399322591292
16.022,-0.254169078267,0.065513448588,0.0400466076825
16.039,-0.265003095056,0.0649285098013,0.0405566309565
16.055,-0.274603122123,0.0646135740879,0.0405814024287
16.072,-0.283328165956,0.0645383078503,0.0401935182884
16.089,-0.290962791306,0.0635804110324,0.0402905275034
16.105,-0.298509104143,0.0627856504792,0.0400564121718
16.122,-0.30506055087,0.0619425617208,0.0400867465184
16.139,-0.310807742713,0.0612146041417,0.0391993172731
16.156,-0.315248237345,0.0608569485676,0.0393122118369
16.172,-0.319710470137,0.0604622681169,0.0394037244601
16.189,-0.323504742479,0.059615499851,0.0390965001251
16.206,-0.326962191889,0.0578251020473,0.0389681930023
16.222,-0.330291137264,0.0558992846275,0.0383481181872
16.239,-0.334519963394,0.0541345332045,0.0382829543792
16.256,-0.337627647296,0.0527416883593,0.0381816033529
16.272,-0.340909137698,0.0510711419741,0.0387112923158
16.289,-0.344478908766,0.0494336297598,0.0381054069681
16.306,-0.349105382299,0.047581462965,0.0387611241172
16.323,-0.354593547544,0.0454057390177,0.0394042325709
16.34,-0.360669685994,0.0422379343289,0.0401631036622
16.357,-0.367215814015,0.038814984528,0.0402581615587
16.373,-0.375753932023,0.0357555265276,0.0403751243848
16.39,-0.38685984889,0.0342783500794,0.0407962360173
16.406,-0.400002114157,0.0325986480242,0.0426030421099
16.424,-0.416043857402,0.0298469797481,0.0453377632784
16.44,-0.433083523781,0.0260923388801,0.0480706855448
16.457,-0.452207802783,0.0221118244179,0.0509047385283
16.473,-0.47330845644,0.0202888368743,0.0540095614071
16.49,-0.498637152697,0.0185495641809,0.0584550119025
16.506,-0.525023844547,0.0157025520428,0.0638238021746
16.524,-0.552396687406,0.0118048878132,0.0681994837009
16.54,-0.58075828063,0.00767033700464,0.0722618986791
16.558,-0.609715833565,0.00474254891003,0.0753152814784
16.573,-0.640335860805,0.00387574430317,0.0794106378996
16.59,-0.672560918586,0.00291358712223,0.0831747889081
16.607,-0.704209493793,0.00157388760979,0.0857318595528
16.624,-0.735422154112,-0.000680271412468,0.0877934331008
16.64,-0.766692059101,-0.00207911815791,0.090366407527
16.657,-0.797912797323,-0.00324634592207,0.0926202243435
16.673,-0.828444445167,-0.00413024956295,0.0952948302499
16.69,-0.858282332017,-0.00560029189386,0.0975833311965
16.707,-0.887634827188,-0.00782878381059,0.0994677122355
16.723,-0.916241366396,-0.00964701047217,0.101443411242
16.74,-0.944542162196,-0.0121941146613,0.103610166703
16.757,-0.971471182797,-0.014889138774,0.106084540984
16.774,-0.996396328076,-0.0173473171999,0.109081316053
16.792,-1.02021601844,-0.0188950847138,0.111615923181
16.808,-1.04268636777,-0.0198258954291,0.113590235565
16.824,-1.06468470677,-0.0209753431757,0.115850769575
16.84,-1.08541920024,-0.0222609171549,0.118295362798
16.857,-1.10551797186,-0.0239509231091,0.118751898381
16.874,-1.12529458947,-0.026262870981,0.117892567453
16.891,-1.14450402018,-0.0280225318623,0.116457202589
16.907,-1.16412580938,-0.0287890018678,0.114664263004
16.924,-1.1828443773,-0.0290994734917,0.11309016643
16.941,-1.20083151701,-0.0291565079251,0.111404781437
16.957,-1.21774794835,-0.0297151695663,0.110310427975
16.974,-1.23499968296,-0.0299663896909,0.109401775974
16.991,-1.2513344941,-0.0303381650219,0.10860430685
17.007,-1.26755280658,-0.0308551499779,0.1078426097
17.024,-1.28272051518,-0.0309730340232,0.107224135108
17.041,-1.2968447191,-0.030382367372,0.106506978428
17.058,-1.31072824023,-0.0301346168027,0.106056094141
17.074,-1.32348432765,-0.0297234088447,0.105143795236
17.092,-1.33628490502,-0.0290338275025,0.105099669687
17.108,-1.34839936129,-0.0279565069816,0.104893322087
17.124,-1.36040437022,-0.0265744929236,0.105282491202
17.142,-1.37188078483,-0.0246769978708,0.105432715437
17.158,-1.38409030971,-0.0225685028213,0.105815624995
17.175,-1.39538245716,-0.0206600422349,0.105722794176
17.191,-1.40699409888,-0.0189653308198,0.10543369301
17.208,-1.41778683147,-0.0181294138998,0.105973221775
17.225,-1.42765551225,-0.0178740253994,0.105901239957
17.242,-1.43708289215,-0.0176934871712,0.105258122588
17.258,-1.44578418997,-0.0172574919346,0.106013262248
17.276,-1.45351457282,-0.015667874163,0.106771496711
17.292,-1.46106281506,-0.0147431294883,0.107440673198
17.308,-1.46907813362,-0.014017999055,0.108031678067
17.325,-1.47607515407,-0.0128411235421,0.108809946048
17.342,-1.48327862141,-0.0118059318099,0.109292936861
17.358,-1.49111922797,-0.011024458495,0.109737731167
17.376,-1.49979531167,-0.0109778881769,0.110113777014
17.392,-1.50921373423,-0.0114211110767,0.110791336226
17.409,-1.51763835007,-0.0114525580133,0.112130936226
17.425,-1.5269739431,-0.0118712966504,0.113326464256
17.442,-1.53523686943,-0.0122783049439,0.114951566318
17.459,-1.54377074177,-0.0133049078569,0.117013927988
17.475,-1.55205756206,-0.0138887153096,0.118552133724
17.492,-1.56039259199,-0.0145037563338,0.119391439971
17.509,-1.56703208896,-0.0150067719158,0.119835043307
17.525,-1.57487315889,-0.0148221048772,0.119946736079
17.542,-1.58230339984,-0.0147076964068,0.119769746719
17.562,-1.58998221718,-0.0149127587962,0.119579764609
17.575,-1.59716681256,-0.0157949251439,0.119030856575
17.592,-1.60472622701,-0.016444352388,0.117919512817
17.609,-1.61242335801,-0.0169453323676,0.116437809168
17.626,-1.62092078228,-0.0173116928708,0.115290588991
17.642,-1.62966939293,-0.0187876166989,0.114479674437
17.66,-1.63947271202,-0.0200250677663,0.113721692769
17.676,-1.64950100673,-0.021469107168,0.113520160627
17.692,-1.65871976218,-0.0231664649071,0.114652708791
17.709,-1.66927887111,-0.0248853417405,0.115111111212
17.726,-1.67883805317,-0.0266891032451,0.116413716855
17.743,-1.68786484021,-0.0283546216937,0.118412441413
17.759,-1.69619653221,-0.0291880914634,0.120581578093
17.776,-1.70418689837,-0.0300466376955,0.12316310054
17.793,-1.71150202105,-0.0305343629907,0.124877553039
17.809,-1.71776617799,-0.0311001720726,0.127038151529
17.826,-1.72381699349,-0.032230275355,0.12911837372
17.843,-1.72833324631,-0.0332004614995,0.130779763949
17.86,-1.73234819852,-0.0341911335347,0.131559074606
17.876,-1.73504163622,-0.0344857218173,0.131981457759
17.893,-1.73769162655,-0.0340401165405,0.132203856636
17.91,-1.73943750582,-0.0343324689414,0.132359434094
17.926,-1.73941283328,-0.0345127988692,0.131940527268
17.944,-1.73887310841,-0.0345549517823,0.131436596552
17.96,-1.73927597005,-0.0343590704099,0.131298480324
17.978,-1.73947399969,-0.0344977931171,0.130963407628
17.993,-1.7398816541,-0.0348419253213,0.130710949691
18.01,-1.74002970321,-0.0357932464621,0.130439346132
18.027,-1.74005566926,-0.0367941333516,0.13011617059
18.043,-1.73973607016,-0.0381104834046,0.129758669629
18.061,-1.73956913073,-0.0391270492319,0.129698540061
18.077,-1.73875545537,-0.0404369627486,0.129700299054
18.093,-1.7380520237,-0.0418833113923,0.129739797126
18.11,-1.73620754338,-0.0439736675286,0.130196263204
18.127,-1.73393785842,-0.0453062926462,0.130734312472
18.144,-1.73027137637,-0.0463862298889,0.131081150277
18.161,-1.72631059445,-0.0468432879619,0.130804519572
18.177,-1.71936401767,-0.0467985082679,0.130191463918
18.194,-1.71344524806,-0.0462271363264,0.129362084157
18.211,-1.70704547511,-0.0456020409747,0.128765524639
18.227,-1.69966435696,-0.0453806167794,0.128989923196
18.244,-1.69127436675,-0.0450246268264,0.12919077237
18.26,-1.68274771842,-0.0451707347186,0.128978076586
18.277,-1.67453961783,-0.0461553429097,0.128707749338
18.294,-1.66357260068,-0.0479211565756,0.128589295368
18.311,-1.65071701819,-0.0499767250753,0.128746654219
18.327,-1.63494584777,-0.0513559391403,0.128408036943
18.344,-1.61621075313,-0.0532055964824,0.127341828111
18.361,-1.59318099653,-0.0559610172979,0.125605551499
18.377,-1.5643926477,-0.0576859936595,0.122580073781
18.394,-1.53196344372,-0.0586332129066,0.119146531716
18.411,-1.49565707731,-0.0608028463418,0.115326737236
18.428,-1.45634851347,-0.0639218062289,0.110039201292
18.444,-1.4154134361,-0.0659599565549,0.104979641878
18.462,-1.371338664,-0.0666206668498,0.100034768348
18.478,-1.32548939179,-0.0668967826887,0.0933396117699
18.494,-1.28010199449,-0.0667404599491,0.0856700308829
18.511,-1.23588019533,-0.0671524352081,0.0789333304414
18.528,-1.1895438999,-0.0675372889802,0.0740914462021
18.545,-1.14303625109,-0.0689157296666,0.0692553083513
18.563,-1.09559434032,-0.0718921354719,0.0628709714329
18.578,-1.04995026519,-0.0740664037777,0.0574881020107
18.595,-1.00507455517,-0.0756854100937,0.0533642829995
18.611,-0.959995473788,-0.0765839059376,0.0524723591124
18.628,-0.915970414508,-0.078538469793,0.0505126726879
18.645,-0.87196259132,-0.0812291140514,0.0461918591276
18.661,-0.829417873381,-0.0816935144637,0.0413448189618
18.678,-0.787922105499,-0.0801489566772,0.0383926592111
18.695,-0.746231338991,-0.0771589846259,0.0360370063732
18.712,-0.705063709383,-0.0728610291537,0.0347030107441
18.728,-0.662128830415,-0.0687027465303,0.0339734371288
18.745,-0.618590221762,-0.0624331917967,0.0316171027492
18.762,-0.576304185004,-0.0547611258169,0.0292985972245
18.778,-0.536388539291,-0.0472467199947,0.0273488494841
18.795,-0.497794753802,-0.0419675511173,0.0256304333985
18.812,-0.458807818186,-0.0384425411399,0.0244361040321
18.828,-0.419538110762,-0.0375743268911,0.0242088605595
18.845,-0.380095257237,-0.0388299434515,0.0238481620067
18.862,-0.342370033273,-0.0423999570422,0.0230156230449
18.879,-0.304863450203,-0.0454180750194,0.0225261569373
18.895,-0.266801731727,-0.0476879476225,0.0211995199216
18.913,-0.229122011564,-0.0497914228839,0.0186235278475
18.929,-0.193792719475,-0.0517960433393,0.0148512549836
18.945,-0.161297294885,-0.0534984563033,0.0102373046942
18.962,-0.1319212569,-0.0555782535439,0.00628292755417
18.98,-0.103382526797,-0.0577412279471,0.00433908694456
18.996,-0.0760702330752,-0.0601015668897,0.00250503945631
19.012,-0.0527113353455,-0.0622767664242,0.000115257606104
19.029,-0.0330081732197,-0.0638619352383,-0.00269717312186
19.046,-0.0182066152787,-0.0642170392215,-0.00387647919499
19.062,-0.00588563028834,-0.0630788581954,-0.00464736144864
19.079,0.00458075959362,-0.0619179837692,-0.00458522357529
19.097,0.0131606896938,-0.061074476151,-0.005260199916
19.113,0.0203632125007,-0.0607610969699,-0.00584193036303
19.129,0.025320326243,-0.061490936194,-0.00662439773838
19.146,0.0292368570111,-0.0624110558364,-0.00684263266531
19.163,0.0333614675013,-0.0624200662288,-0.0069059269179
19.179,0.036311482594,-0.0626792903798,-0.00636811839048
19.196,0.0391532594398,-0.063027833425,-0.00587663722475
19.213,0.0415920251124,-0.0630221999833,-0.00501868074046
19.23,0.0445672049898,-0.062672294471,-0.00375379470903
19.246,0.0474146478004,-0.0620060924529,-0.00326843174084
19.263,0.0503268028791,-0.0613588216506,-0.00286691265958
19.28,0.0533922767533,-0.0605819189909,-0.00274625119609
19.296,0.0544975694225,-0.0596796513972,-0.0029077158068
19.313,0.0571377003549,-0.0584052162633,-0.00319528309128
19.33,0.0594993341478,-0.0573935818489,-0.00417271250954
19.346,0.0612628281432,-0.0571750280383,-0.00462609964429
19.363,0.0632294665402,-0.0567730198224,-0.00504287293591
19.381,0.0641456748753,-0.0564235096622,-0.00534618718896
19.396,0.06551329766,-0.0560635270811,-0.00562451036615
19.413,0.0664286487766,-0.0558289182396,-0.00552653794711
19.43,0.067148400602,-0.0553805566466,-0.00505936146285
19.447,0.0678809165591,-0.0553230049389,-0.0044801820114
19.465,0.0685250109177,-0.0555584239363,-0.00349098221435
19.48,0.0688658777832,-0.0561554506842,-0.00247123108785
19.497,0.0694030399252,-0.0567039933211,-0.00109373800638
19.513,0.0696927148866,-0.0570639601444,0.000211239454589
19.53,0.0700498780446,-0.0573287308002,0.00124125525905
19.547,0.0704357633547,-0.0575572294699,0.00249420136124
19.565,0.07124889444,-0.0578905793087,0.00359175848709
19.58,0.0718551009291,-0.0580839061582,0.00451257015796
19.597,0.0725141645261,-0.0584947658656,0.00523661966095
19.614,0.0732069981613,-0.0587722788796,0.00596669515257
19.63,0.0739135465426,-0.0590260623245,0.00663480438659
19.647,0.0744334385073,-0.0591742979499,0.00726720333966
19.664,0.0752196930384,-0.0591105396112,0.00803227732
19.681,0.0758156014729,-0.0590090612204,0.00875546976612
19.697,0.0763100785422,-0.0589690008401,0.0093107566957
19.714,0.0771537131581,-0.0591116337247,0.0100230358728
19.731,0.0780660989727,-0.0596835509464,0.0109844151521
19.749,0.0795489386142,-0.0604665284722,0.0117834229966
19.764,0.0808144538992,-0.0612445895824,0.0125247972483
19.781,0.0824038042991,-0.0623488969179,0.013219931808
19.798,0.0842303441556,-0.0633279173753,0.0136809195554
19.814,0.0856948705867,-0.0643671256876,0.0138625977976
19.831,0.0877589289757,-0.0656265452775,0.0141026238613
19.848,0.0899792877405,-0.0667443940461,0.0140300258001
19.867,0.0937716132139,-0.0694922259234,0.0142234268425
19.886,0.0977775825003,-0.0729400139355,0.0133683680175
19.898,0.100774517492,-0.0754557150384,0.0125272944208
19.914,0.104372409263,-0.078054562994,0.0117624315491
19.931,0.107433842714,-0.0800973768615,0.0106884939411
19.949,0.11102187149,-0.0826243786841,0.00949520533678
19.965,0.115538009242,-0.0857800001065,0.00779614753882
19.981,0.120603504122,-0.0909956811324,0.00588509102975
19.998,0.124985529862,-0.0971163222746,0.00360586139281
20.015,0.129839982095,-0.102830220735,0.00149055505158
20.031,0.134489722429,-0.107683973006,-0.000340000930473
20.048,0.139395901352,-0.112404075932,-0.00212639245059
20.065,0.144173825482,-0.117404695658,-0.00394358803749
20.082,0.148850108491,-0.121216334908,-0.00614129848722
20.098,0.153945538081,-0.123938731631,-0.00800998802912
20.115,0.15825918301,-0.125941387435,-0.00868514946785
20.132,0.162429390475,-0.128517644018,-0.0101248362459
20.148,0.167241865632,-0.13169090045,-0.0114469118547
20.165,0.171284154632,-0.135291988397,-0.0129254596601
20.182,0.174680844977,-0.138332776187,-0.0139176637006
20.199,0.178285350738,-0.141151057592,-0.0151602408759
20.215,0.181254724494,-0.142593692213,-0.0161847019731
20.232,0.184233493217,-0.143535882746,-0.0162879321035
20.249,0.185530263822,-0.14286544801,-0.0163235014882
20.265,0.187569205271,-0.141585523583,-0.0157618089263
20.283,0.189634199221,-0.140487392417,-0.0150706373225
20.299,0.191706520896,-0.139732029906,-0.0148723713284
20.315,0.194394230824,-0.139486324699,-0.0153314502189
20.332,0.196635040482,-0.138535290364,-0.015322141018
20.349,0.199566532028,-0.13730360504,-0.0152876570867
20.365,0.203720010944,-0.135381466953,-0.0154045892399
20.382,0.208072806425,-0.133663701764,-0.0154643718032
20.399,0.211996529961,-0.132970661553,-0.0158434229425
20.416,0.216269225792,-0.132867251758,-0.0158411878273
20.432,0.22013615114,-0.132622491911,-0.015826846101
20.449,0.224728663627,-0.132264370784,-0.0158176820624
20.466,0.229099576123,-0.131798219583,-0.0155231269591
20.482,0.233828567745,-0.131423087978,-0.0157233359702
20.499,0.237583870298,-0.131178182615,-0.0157960529919
20.516,0.241733470562,-0.130442021911,-0.0161657257812
20.533,0.246818618391,-0.130105793633,-0.0167832054107
20.549,0.251282658216,-0.129717913378,-0.0177901564163
20.567,0.255468502854,-0.129734650796,-0.0190868167003
20.583,0.259130356769,-0.129260797441,-0.0195897839501
20.599,0.26199964088,-0.129142893901,-0.0202152947841
20.617,0.264923229675,-0.128415120489,-0.0209256805134
20.633,0.26847600639,-0.128205432689,-0.0215179466616
20.65,0.27002994633,-0.128163146193,-0.0211653459263
20.667,0.271037042167,-0.128229666261,-0.0213916287657
20.683,0.273049318348,-0.128154556639,-0.0218571727326
20.7,0.274070616437,-0.128028109848,-0.0217557441727
20.716,0.275569893737,-0.127640149877,-0.0219058480802
20.733,0.276241622309,-0.127556014273,-0.0219804274714
20.75,0.277182397873,-0.12744374264,-0.0221637634833
20.766,0.278455651128,-0.127429075198,-0.0224645474182
20.783,0.279393223197,-0.127500143266,-0.0228648159766
20.8,0.280160995959,-0.127480369962,-0.0234571724139
20.817,0.280846373087,-0.127347925334,-0.0240587022056
20.833,0.281529791163,-0.127231719358,-0.0246628608897
20.851,0.282753811308,-0.127039348793,-0.0257946865976
20.867,0.283246138719,-0.12678113691,-0.0263008616559
20.883,0.283892898732,-0.12647771918,-0.0270190156488
20.9,0.284918847616,-0.125972240896,-0.0280319449969
20.917,0.285614264445,-0.125371999971,-0.0289660901946
20.933,0.286322060617,-0.124950075128,-0.0297353253413
20.95,0.287145631137,-0.124534191763,-0.0304240301817
20.967,0.288316820695,-0.124143320683,-0.0314453012791
20.984,0.289343834333,-0.123753661491,-0.0321204528878
21.002,0.291030872889,-0.123395978973,-0.0330155354332
21.017,0.292548247881,-0.12290492858,-0.0334756309038
21.034,0.294424055096,-0.122393236797,-0.03421947682
21.051,0.296689155365,-0.121822265166,-0.0350242305647
21.067,0.299434936178,-0.121362315455,-0.0360090200492
21.084,0.302645836566,-0.120877395585,-0.0370024472186
21.101,0.306350024541,-0.120650334806,-0.037993359136
21.117,0.311074593077,-0.120140468896,-0.0391795470449
21.134,0.315009878425,-0.119908587994,-0.0396124303924
21.151,0.319419888765,-0.119529648477,-0.0395582246653
21.167,0.323232768837,-0.118784234453,-0.0398929250414
21.184,0.327431552205,-0.118369464153,-0.0399978738615
21.201,0.331683275415,-0.117651449372,-0.0401429970208
21.219,0.33623340302,-0.117571220294,-0.0401539142603
21.234,0.340751263948,-0.116782913548,-0.0396772684968
21.252,0.345912559616,-0.116173336725,-0.0399127149888
21.268,0.351274892822,-0.115583547695,-0.039072708567
21.284,0.35740742086,-0.114680898277,-0.0382956501491
21.301,0.363834625728,-0.113606236594,-0.0376834739676
21.318,0.370380537533,-0.112904473055,-0.0377586237833
21.334,0.377507020205,-0.11182335186,-0.0374708735487
21.351,0.384670058237,-0.110569307174,-0.0374442754755
21.368,0.392904203951,-0.10940884708,-0.0364254724945
21.385,0.402483653321,-0.1079064286,-0.0353679939687
21.403,0.413356102087,-0.106181759335,-0.0343070353667
21.418,0.425109039736,-0.104909807094,-0.0331164239586
21.435,0.438728164861,-0.103005674645,-0.031928245887
21.452,0.453541676532,-0.10116235182,-0.0315316729243
21.468,0.47043603817,-0.0992994028535,-0.0299084076876
21.485,0.48906075016,-0.0975181277959,-0.0286609643983
21.502,0.508312149922,-0.0956429081952,-0.0267776991359
21.518,0.528741432421,-0.0942690829596,-0.0259655564068
21.535,0.548565964672,-0.0930258122631,-0.025558562784
21.552,0.567856435574,-0.0923159574128,-0.0247538214202
21.57,0.586811735623,-0.0909334256587,-0.0241414090134
21.585,0.605201691286,-0.0895774711374,-0.0235848593764
21.602,0.623472001596,-0.0880276740556,-0.023588250918
21.618,0.639459329956,-0.0870890190851,-0.0227718794801
21.635,0.65622518976,-0.0858275616701,-0.021677694079
21.652,0.671665932981,-0.0848370736365,-0.0205812904722
21.669,0.687132485383,-0.0840216259219,-0.0203948223544
21.685,0.701268401108,-0.0831676492376,-0.0199397656424
21.703,0.714089305125,-0.0824658306818,-0.0193705622551
21.719,0.727742380838,-0.0815071076505,-0.0185216521848
21.735,0.740693405143,-0.0805731945948,-0.0186180531902
21.752,0.753560755456,-0.0804541842154,-0.0179440829758
21.771,0.765154643906,-0.0810533326452,-0.01715207139
21.786,0.777338925986,-0.0807479419291,-0.0164303946962
21.802,0.788738663621,-0.0799365182485,-0.0151000836682
21.819,0.800031422262,-0.0790196952908,-0.0146835419267
21.836,0.811319593376,-0.0784825306881,-0.0139713839374
21.852,0.821746476393,-0.0783246944447,-0.0141076798333
21.869,0.830457541931,-0.0780576730538,-0.0136371163021
21.886,0.839071919007,-0.0774426121208,-0.0136813330178
21.902,0.84791992279,-0.0762494425684,-0.0123764015884
21.919,0.855330886422,-0.0756396308573,-0.0118813820614
21.936,0.862495835117,-0.074755546721,-0.0110206273259
21.953,0.868473533861,-0.0741192038408,-0.0108891253837
21.969,0.874281738718,-0.0727970620657,-0.010518580843
21.986,0.879644068832,-0.0722649853919,-0.0106228074443
22.003,0.884295793133,-0.0719631090065,-0.0103653797296
22.019,0.888856995368,-0.0715485016564,-0.0105495122539
22.036,0.893212755916,-0.0708344671808,-0.0111662498503
22.053,0.897977007261,-0.0701600258219,-0.0108523602028
22.07,0.902111656662,-0.0695038894549,-0.0111813737694
22.086,0.906379187517,-0.0691233020564,-0.012015662371
22.103,0.911077698692,-0.0692631950101,-0.0125170456031
22.12,0.916174924083,-0.0686914088038,-0.0132137234895
22.136,0.921178348275,-0.0682578874249,-0.0140537508589
22.153,0.925725028997,-0.0681127142874,-0.0150540052414
22.17,0.931884338428,-0.0676156102703,-0.0155180661345
22.187,0.937167453393,-0.0680891280532,-0.0157118949318
22.203,0.942974387664,-0.0683747784412,-0.0158725052697
22.22,0.948416852233,-0.0680945062444,-0.0156165224269
22.237,0.9531313671,-0.067982596323,-0.0147961763613
22.253,0.958107881812,-0.0678380028764,-0.014156534209
22.27,0.962913538912,-0.0675561511938,-0.0131335476149
22.287,0.968283007246,-0.0674923735111,-0.0123922417125
22.303,0.973602645946,-0.0677011176793,-0.0116443986477
22.32,0.978368446615,-0.0676863640885,-0.0107706307612
22.337,0.983723021278,-0.0676087239682,-0.0101992495633
22.353,0.989952607243,-0.0675888012662,-0.00975496745385
22.37,0.995937528507,-0.0684904929746,-0.00903705177284
22.387,1.00286690863,-0.0690153189683,-0.00815843171298
22.404,1.0097499309,-0.0692493101204,-0.00753239445575
22.422,1.01661993966,-0.070093636485,-0.00658135939566
22.437,1.02383547514,-0.0714877861674,-0.00607933658895
22.454,1.03105962945,-0.0731975774094,-0.0058586222059
22.472,1.03871761241,-0.0755372882233,-0.00595018551898
22.487,1.04603039025,-0.0773196893472,-0.00595749623103
22.504,1.05282175383,-0.0802587586753,-0.00623009895907
22.521,1.05871242348,-0.0830781989888,-0.00716628984602
22.537,1.06470720879,-0.0875612233763,-0.00908501393375
22.554,1.07038811087,-0.0931161737964,-0.0113309463707
22.573,1.07482655433,-0.101518272297,-0.0143993449531
22.587,1.07916993554,-0.110697418687,-0.0177989775716
22.604,1.08328694197,-0.119820204974,-0.0218145871552
22.622,1.08674281164,-0.127546834641,-0.0247380339506
22.637,1.09070845407,-0.135040895641,-0.0277061018836
22.654,1.09330258737,-0.143615582432,-0.0312561715984
22.671,1.0958986458,-0.152457004391,-0.0352282520047
22.688,1.09955239409,-0.159945617813,-0.0395151693897
22.704,1.10241662286,-0.164733468342,-0.0426043684528
22.721,1.10562012998,-0.16957971102,-0.0450158834664
22.738,1.10783402267,-0.174686797231,-0.0467534868405
22.754,1.11142444434,-0.178932867064,-0.049264159456
22.771,1.11451896131,-0.181545715771,-0.0503937196587
22.788,1.1173151008,-0.183983877524,-0.051634026506
22.805,1.11912178486,-0.18580159206,-0.0518271729028
22.821,1.12024683424,-0.1873531321,-0.0520622834454
22.838,1.12126487631,-0.187962004129,-0.051796719002
22.856,1.12183347927,-0.188162479419,-0.051647150022
22.872,1.12185618339,-0.188831412367,-0.051328676559
22.888,1.1222863343,-0.189411436735,-0.0513335296451
22.905,1.12239826515,-0.189508779399,-0.0508072371013
22.922,1.12252772489,-0.189344645386,-0.0501452321934
22.938,1.12242994257,-0.189134907567,-0.0492009319131
22.955,1.12268601712,-0.188363998835,-0.0477922300133
22.972,1.12334598478,-0.186792091109,-0.0463600193377
22.988,1.12511983324,-0.184160280159,-0.0449858297424
23.005,1.12914063471,-0.181227697659,-0.0427806775759
23.022,1.13418496444,-0.177873317639,-0.0403340835881
23.038,1.14242057639,-0.173937282511,-0.0389777945344
23.055,1.15250874138,-0.170055881847,-0.0379735431969
23.072,1.16284218127,-0.166098087387,-0.0368281719232
23.089,1.17488865573,-0.162137541635,-0.0360706065441
23.105,1.1873887507,-0.158878776264,-0.0351620104341
23.122,1.20139008449,-0.155890432449,-0.0344652901726
23.139,1.2162496579,-0.15332119164,-0.0337094555981
23.155,1.23184156712,-0.150468562055,-0.0328580332217
23.172,1.24899459853,-0.14726442179,-0.0321504387325
23.189,1.26636702682,-0.144405738654,-0.0316042410383
23.207,1.28425092675,-0.141043882968,-0.0305280418427
23.222,1.30287282797,-0.136580665918,-0.0288788297007
23.24,1.32214244703,-0.13015627866,-0.0268032759877
23.256,1.34204489395,-0.124933177865,-0.0241053060877
23.273,1.36259203619,-0.120852057847,-0.0230123523969
23.289,1.38196734801,-0.117541937929,-0.0227351888363
23.306,1.40121019682,-0.114352948145,-0.0222801493424
23.323,1.42031984629,-0.111212666131,-0.0205731675415
23.339,1.43982827343,-0.108116035839,-0.018221960935
23.356,1.4590599782,-0.105499993737,-0.0162955482515
23.373,1.47814139135,-0.101863640073,-0.0143856169857
23.389,1.49693409764,-0.0982921347116,-0.0128126453016
23.406,1.51628074102,-0.0937363080476,-0.010982004946
23.423,1.53620981647,-0.089537000637,-0.00930546321703
23.44,1.55678962599,-0.0857459779518,-0.00766721275617
23.456,1.57677506545,-0.0819786963525,-0.00611933486104
23.473,1.59723583507,-0.0781280459813,-0.00468849649966
23.49,1.61693946374,-0.0742157256734,-0.00256524170977
23.506,1.63611085662,-0.0704947693335,-0.000368567231176
23.524,1.65457063127,-0.067283138551,0.00178034379196
23.54,1.67344984035,-0.0640207740643,0.00457901982797
23.556,1.69145518087,-0.0608658002163,0.0066286626981
23.574,1.708788608,-0.05863355826,0.00926082241743
23.59,1.72608797812,-0.0558094993718,0.0113938939823
23.607,1.74305324963,-0.0538286285668,0.0142561313961
23.623,1.75960111105,-0.0512966862277,0.016996431137
23.64,1.77592770132,-0.0496742387347,0.0206083404175
23.656,1.79221405828,-0.0481371141314,0.0240213377887
23.673,1.8085887894,-0.0464929534022,0.0272465688564
23.69,1.82495698977,-0.0453507213737,0.0312296495386
23.707,1.84142909918,-0.0446665398904,0.0353088547068
23.724,1.85753292876,-0.0449020880387,0.0399497940202
23.74,1.87379800576,-0.0444149190941,0.0443264243056
23.757,1.89047469467,-0.0448053482297,0.0491935965979
23.774,1.90587567443,-0.0449940436453,0.0537766524273
23.791,1.92071533806,-0.044951122596,0.0576357691622
23.807,1.93497772466,-0.0457252559345,0.0611705607307
23.824,1.94864686487,-0.0466809416331,0.0641965893485
23.84,1.96104752874,-0.0476793442735,0.0671488356251
23.857,1.97272468886,-0.0482989827277,0.0694552466193
23.874,1.98234423175,-0.0489129041008,0.0719489217073
23.891,1.99133311141,-0.0498494217117,0.0749972620919
23.907,1.99939057376,-0.0499786532228,0.077049066661
23.924,2.00575717854,-0.0500743509469,0.0792936386468
23.942,2.01115868957,-0.0496777230369,0.0808821056362
23.958,2.01580271838,-0.0494044857186,0.0826028591047
23.974,2.01826096971,-0.049839611007,0.0836641274596
23.992,2.01955959355,-0.0504638946311,0.0843719334312
24.007,2.01759139033,-0.0506240466374,0.0839590806109
24.024,2.01608605859,-0.050927945751,0.0840162263683
24.041,2.01523792044,-0.0513430686958,0.0844767171824
24.058,2.01289749516,-0.0527412467653,0.0851396484781
24.074,2.00789880056,-0.0546815379227,0.0845480828446
24.091,2.00067013837,-0.055864554374,0.0836332944206
24.108,1.99279087119,-0.057326549165,0.0825645349884
24.126,1.98410974138,-0.059533693463,0.0804807991874
24.142,1.97371989196,-0.0609661025774,0.0784682370871
24.158,1.96144207951,-0.0607336298205,0.0768034319777
24.175,1.94630333783,-0.0594162238232,0.0756574162459
24.191,1.92963194274,-0.0581913222734,0.0748885552423
24.208,1.91177230154,-0.0569129709816,0.0729252894407
24.225,1.89224052697,-0.0538589305212,0.0721375942388
24.241,1.8732023565,-0.0500345075045,0.07315944903
24.258,1.85388403238,-0.0454566770165,0.0750230976976
24.275,1.83333182832,-0.0386566079837,0.0763972298485
24.292,1.81208702465,-0.0304180982415,0.0794261068583
24.308,1.7895018894,-0.0202541168168,0.0848308668438
24.325,1.76744786187,-0.00918312130779,0.0903925359213
24.343,1.74501779362,0.0034848276933,0.0948054330786
24.358,1.72327362897,0.0170964824421,0.100719313029
24.376,1.70053498626,0.0316219951886,0.108570377134
24.392,1.67724319618,0.0468688657347,0.116320452662
24.408,1.65402684525,0.0640734928344,0.125723650663
24.425,1.63184694441,0.0811593564591,0.136992649552
24.442,1.60950357049,0.0996383404831,0.146676827047
24.459,1.5870715953,0.122411963115,0.157152543815
24.475,1.56502712083,0.146198946677,0.170278451891
24.493,1.54353194378,0.167309350682,0.183718016817
24.509,1.52272092608,0.186720599279,0.193516100716
24.526,1.50319317737,0.208448471408,0.200280467061
24.542,1.48481496609,0.231269000886,0.210002235137
24.56,1.46783197191,0.253007831564,0.222522853357
24.577,1.4520057299,0.273180019649,0.233537498528
24.592,1.43855264063,0.293689430022,0.243148742658
24.61,1.42541112148,0.313322558135,0.254125864863
24.626,1.41259380003,0.33206746443,0.264847961497
24.642,1.40060047694,0.350762736992,0.275044760348
24.659,1.38819621968,0.36886490592,0.28570808098
24.676,1.37634560384,0.385828484446,0.296451815062
24.692,1.36558883614,0.400842129544,0.306334041285
24.709,1.35430149842,0.414243404018,0.315118976293
24.726,1.34389799788,0.426725257037,0.324397966024
24.743,1.33352806748,0.438537228744,0.333464903807
24.759,1.32266022391,0.449134553707,0.342278502005
24.776,1.31204750609,0.458621849163,0.350571062536
24.793,1.30083008522,0.468290637563,0.358335703291
24.809,1.2896329981,0.477501959487,0.365423223748
24.826,1.27874220666,0.485722172639,0.372156129545
24.843,1.26734915804,0.493784370435,0.378727630147
24.859,1.25766907125,0.501397921859,0.385246371577
24.876,1.24894664194,0.509729551187,0.392956885469
24.893,1.2402172189,0.517315698238,0.400623316505
24.91,1.23169997513,0.524009123314,0.408286699246
24.926,1.22379642952,0.532416961757,0.416949702988
24.943,1.21637454518,0.541841863196,0.42666134765
24.96,1.20746670001,0.550151477668,0.434478023858
24.978,1.19851827144,0.555268978519,0.440693013177
24.993,1.19100019664,0.560709598816,0.447493618255
25.01,1.1843225818,0.566953671709,0.455223058349
25.027,1.17729843368,0.572141193614,0.462294587084
25.043,1.16901106184,0.57666182151,0.467405801193
25.06,1.16169058867,0.581954575299,0.472535987961
25.077,1.15571726603,0.589511936634,0.478508806542
25.093,1.15033153914,0.596585187779,0.485064458617
25.11,1.14394837775,0.6020321166,0.490530133917
25.127,1.13797981537,0.606227153059,0.494599716014
25.143,1.13307782585,0.611815178133,0.498120499908
25.161,1.12875743863,0.617557745613,0.50189913403
25.178,1.12279539875,0.621011482838,0.504427560252
25.194,1.11733400298,0.622379260538,0.506181280165
25.21,1.11124742935,0.622472403299,0.505594615123
25.227,1.10364340654,0.62077660847,0.502670788816
25.244,1.09521563902,0.615194211353,0.498393327698
25.26,1.08436978805,0.606151872893,0.490398432354
25.277,1.07159092955,0.595905739436,0.480117297817
25.294,1.05704598234,0.58506648757,0.467232125684
25.311,1.0413854306,0.574153271764,0.453150902991
25.327,1.02552649527,0.563218099854,0.439217594913
25.344,1.01010432461,0.550547522407,0.425204775873
25.361,0.99245437084,0.53716745159,0.410157335171
25.377,0.975993203022,0.523447827343,0.396164370446
25.394,0.958062113025,0.510109687077,0.381752384418
25.411,0.940859525584,0.495140739952,0.368584767852
25.427,0.922655309293,0.478495783229,0.354054849054
25.444,0.904494823876,0.459419458252,0.338803887473
25.461,0.886029831118,0.439340040063,0.323098431709
25.478,0.868166894221,0.418147985381,0.307815012667
25.494,0.851388095711,0.395660985773,0.293691334404
25.511,0.835049105202,0.371439696164,0.279398339963
25.528,0.819418181013,0.344983901733,0.265988600362
25.544,0.804594474142,0.317228259713,0.252918622153
25.561,0.791136968262,0.288728507058,0.240227961113
25.579,0.778948554654,0.260202314485,0.227847634681
25.595,0.768023565783,0.23214337934,0.215041073283
25.611,0.758383824731,0.20618076323,0.203199459089
25.628,0.750103977625,0.181945299458,0.191885462341
25.645,0.742769519656,0.157427197798,0.18061401832
25.661,0.73683875864,0.130833354928,0.169262014924
25.678,0.731486143771,0.103537409729,0.156864632641
25.695,0.728183689339,0.0758229826889,0.144521847475
25.712,0.726252960744,0.0496466769198,0.131853440378
25.728,0.725238245188,0.02372485304,0.119767598197
25.745,0.725471304301,-0.00211244763111,0.107878209607
25.762,0.726178513349,-0.0272098458405,0.0965307095604
25.778,0.726836946254,-0.0504254588664,0.0850424420423
25.795,0.728764045211,-0.069862614886,0.0742418851094
25.812,0.731076139754,-0.0862426008532,0.065688089083
25.828,0.733517386639,-0.100900479838,0.0585997976593
25.845,0.735686802691,-0.112959389334,0.0529601287281
25.862,0.738199575619,-0.120033456335,0.0486025767591
25.879,0.740180724854,-0.122749171511,0.0452625919683
25.895,0.741940497576,-0.123328134291,0.0436835926317
25.913,0.742839578455,-0.122916612331,0.0426064182342
25.929,0.744463865536,-0.126854537788,0.0399143918792
25.945,0.745138817924,-0.133471475169,0.035351310676
25.962,0.745457859691,-0.139572214738,0.0305452753795
25.979,0.745462775683,-0.144003586518,0.0260641796169
25.995,0.745608813853,-0.145578154599,0.0224139686757
26.012,0.744998677346,-0.145212208561,0.0208320501364
26.03,0.744034861954,-0.14463432744,0.0199669053479
26.046,0.742610184377,-0.144984532469,0.0185441664005
26.062,0.742336135281,-0.144931754026,0.0168896389174
26.08,0.740537984497,-0.144555388441,0.0157253219359
26.097,0.739479995168,-0.143248556126,0.0151090229895
26.114,0.737617269297,-0.141910874639,0.0149480481972
26.129,0.734937692896,-0.140478267141,0.0143457273673
26.146,0.730672952106,-0.138387744411,0.0129815874542
26.163,0.725267953987,-0.136417229934,0.0117483935093
26.18,0.720191842013,-0.134627913671,0.0111217802686
26.196,0.713503103949,-0.133528718879,0.00926100466001
26.213,0.70497359839,-0.132567680779,0.00763829021455
26.229,0.695525918334,-0.131706694572,0.00598206305158
26.246,0.684207401942,-0.130536390898,0.00509616922345
26.263,0.669902475199,-0.128423865965,0.00408994185758
26.28,0.652180941088,-0.125681341257,0.00304568435262
26.296,0.631708249963,-0.123983207053,0.00304463943602
26.313,0.608387920755,-0.122378285736,0.00397060191576
26.33,0.581805429226,-0.120476750621,0.0060383367143
26.346,0.553392939821,-0.11873831724,0.00787565240346
26.363,0.523137191594,-0.117349359128,0.00960442591955
26.382,0.49060371067,-0.117327500261,0.0102643156463
26.399,0.457293624496,-0.117658862422,0.0107147037026
26.413,0.424035813825,-0.11734408695,0.0108606038959
26.431,0.390969577759,-0.117012857891,0.0109271010593
26.447,0.3592904607,-0.116370160044,0.0109942424299
26.463,0.331721023005,-0.114477693266,0.00996085042502
26.48,0.308749903692,-0.112284161806,0.00690116032868
26.497,0.288776639467,-0.109198023179,0.00174160647964
26.513,0.268989449181,-0.106558073241,-0.00487492190391
26.531,0.248590164292,-0.103796846222,-0.0111282768474
26.548,0.22809276149,-0.100946582138,-0.0160022273948
26.564,0.207096078481,-0.0979254588353,-0.0199008071168
26.584,0.185543340999,-0.0959974023387,-0.0236592403328
26.597,0.162894833766,-0.0941250332214,-0.0269224060043
26.614,0.140139692207,-0.092808082319,-0.0282292777482
26.63,0.117204012376,-0.0911300237628,-0.0280511489762
26.647,0.0927596247285,-0.0907257154555,-0.0282468536596
26.664,0.0683851827622,-0.0899250183157,-0.0281366555758
26.68,0.0426459523319,-0.0894040587937,-0.0267750966198
26.697,0.0169532851948,-0.0891729263686,-0.0251842596614
26.714,-0.0101540628792,-0.0883015760363,-0.023918092521
26.731,-0.0378045796906,-0.0871911881047,-0.0220739284931
26.747,-0.0675159156479,-0.0860808679805,-0.0194970484798
26.764,-0.0969073760329,-0.0862409436381,-0.0161625691758
26.782,-0.127110587313,-0.0867178389681,-0.0130511442258
26.797,-0.158037143153,-0.086195981658,-0.0100389233276
26.814,-0.189992484082,-0.084990177148,-0.00649385923297
26.832,-0.223449057913,-0.0834347938613,-0.00361301237467
26.847,-0.256836876403,-0.0826921507148,-0.00112726589895
26.864,-0.291572664038,-0.0825010944366,0.00227044881576
26.881,-0.326602820067,-0.0830932305943,0.00564030854335
26.898,-0.360185256315,-0.0833437950259,0.00892317552755
26.914,-0.393593327799,-0.0828151269875,0.0117021464683
26.932,-0.426915549717,-0.082244797678,0.0146790515746
26.948,-0.458614849169,-0.0824741134687,0.0189293574851
26.964,-0.488781111039,-0.0828703262411,0.0229914052818
26.981,-0.517396805331,-0.0829315585864,0.0264488127239
26.998,-0.545527121028,-0.081182306148,0.028443618654
27.015,-0.572123702159,-0.0796240416004,0.030412288808
27.031,-0.598401815293,-0.0771820696669,0.0329323149058
27.048,-0.62309830723,-0.0737499754674,0.0357327130022
27.065,-0.647813554854,-0.0703367157305,0.0381919753118
27.081,-0.671705046887,-0.0676502101657,0.0394954162145
27.098,-0.695064303394,-0.0649347533785,0.0410927800307
27.115,-0.717279160763,-0.0622304789279,0.0426660854022
27.132,-0.739692934403,-0.0599290505407,0.0438637611432
27.148,-0.762388204493,-0.0587474643349,0.0445529184828
27.165,-0.784665333748,-0.0575443998933,0.0445739846828
27.182,-0.806631372947,-0.0567079865456,0.0448400937723
27.198,-0.829118895338,-0.0562755278771,0.0447232202626
27.215,-0.850896646292,-0.0553653754815,0.0444344561248
27.232,-0.873156937373,-0.0542086672033,0.0435578823156
27.248,-0.894587827439,-0.0534166935649,0.0438683594857
27.265,-0.916245416485,-0.0513229820286,0.0438087483289
27.282,-0.937034437298,-0.0497135990526,0.0444784379897
27.3,-0.95754922529,-0.0486349121087,0.0445601643916
27.315,-0.977297961073,-0.0480402094279,0.0450440361793
27.334,-0.99660445017,-0.0476239192993,0.0454754361027
27.349,-1.01632164123,-0.0477195136663,0.0450721199409
27.365,-1.03561473882,-0.0485073305339,0.0444917016232
27.382,-1.0540906758,-0.0498559021709,0.0433513092082
27.399,-1.07182989024,-0.0518020750571,0.0429879635598
27.416,-1.090333256,-0.0531146191277,0.0429657285323
27.433,-1.10828164681,-0.055633949004,0.0429805185289
27.449,-1.12649426338,-0.0586633939674,0.0429463758314
27.466,-1.14436749859,-0.0619719851206,0.0432568942075
27.482,-1.16263063153,-0.063787469006,0.043235503058
27.499,-1.18080438192,-0.0654661467556,0.0437218583876
27.516,-1.19900400013,-0.0671517824994,0.0443482086871
27.533,-1.21746600314,-0.068362083038,0.0449986872942
27.549,-1.23621843805,-0.0696938928282,0.0453835583678
27.566,-1.25422065463,-0.0713464723616,0.0457419849766
27.586,-1.27276762399,-0.0728988402558,0.0467193577471
27.599,-1.29146941556,-0.0743027618007,0.0477919707697
27.616,-1.3107072373,-0.0745030723102,0.0481253987763
27.633,-1.33019388944,-0.0743908359492,0.0483870631942
27.649,-1.34904120994,-0.0733584968184,0.0491744122448
27.666,-1.36763514376,-0.0729403152557,0.0505710268129
27.683,-1.38651841762,-0.0723237033289,0.0516057934267
27.7,-1.40525822751,-0.0711446290407,0.0521754804686
27.716,-1.42288260099,-0.0704610134131,0.0532114547678
27.733,-1.44085175272,-0.0706989533727,0.0546674546115
27.75,-1.45824207153,-0.0713873288172,0.0557308352327
27.767,-1.4751273755,-0.0720984523046,0.0577315258611
27.783,-1.491233655,-0.0727541070449,0.0587103298516
27.8,-1.50677525994,-0.0728532360393,0.0598019394169
27.816,-1.52151484261,-0.0743946553652,0.0610587602665
27.833,-1.53494456548,-0.0762824441025,0.0615671346755
27.85,-1.5476807897,-0.0774821111749,0.0623487459967
27.867,-1.55889471732,-0.0778923247692,0.0627082997387
27.883,-1.57035302328,-0.0777428489001,0.0629962329133
27.9,-1.58019501475,-0.0783719665214,0.0632399925666
27.917,-1.58898597207,-0.0797535884219,0.0629152733125
27.934,-1.5974660954,-0.0818892893978,0.0629170556529
27.951,-1.60604707875,-0.0835274954311,0.0623061356681
27.967,-1.61405700535,-0.0852462875471,0.0623546564204
27.984,-1.62075107145,-0.0873305743157,0.0618170050472
28.002,-1.628260379,-0.08968154458,0.0618127445259
28.017,-1.63588066254,-0.0915435490172,0.0606946607454
28.034,-1.64327148521,-0.0925263985213,0.0601200832519
28.05,-1.65008734031,-0.0942025907957,0.0601647111292
28.067,-1.65635277024,-0.0960546506472,0.0609086774822
28.085,-1.66225594575,-0.0990928035676,0.0618825077908
28.102,-1.66874900876,-0.101082131687,0.0628210295357
28.117,-1.67446831129,-0.102052256076,0.0638351254909
28.134,-1.6808381741,-0.102383777002,0.0651537575911
28.152,-1.68604348489,-0.103443797106,0.0655778888894
28.167,-1.69117129833,-0.105275245301,0.0658249259169
28.184,-1.6961951058,-0.106559797724,0.0659725406234
28.201,-1.70109363133,-0.107691683795,0.0664049951959
28.217,-1.7063053648,-0.109361367595,0.0665157937216
28.234,-1.71141553685,-0.11096419818,0.0674212817175
28.251,-1.71664958369,-0.113501367332,0.0680843588177
28.268,-1.72189385709,-0.115298046166,0.0684993373489
28.284,-1.72646438715,-0.115843644816,0.0694256963576
28.302,-1.73208414867,-0.116439315183,0.0701759261866
28.317,-1.73724236439,-0.117314959151,0.0707583763787
28.334,-1.74154861408,-0.119231053332,0.0711976106612
28.351,-1.74674612056,-0.120644890894,0.0721966938038
28.368,-1.75198338624,-0.122179598587,0.0726558885463
28.384,-1.75668954422,-0.124106001606,0.0719672965978
28.402,-1.76094601763,-0.126513772572,0.0702354709011
28.418,-1.76540036977,-0.129830233843,0.0693036688985
28.435,-1.76835396582,-0.133068031721,0.0692881803631
28.451,-1.76976449457,-0.134617830882,0.0692690950843
28.468,-1.77092820163,-0.135612295171,0.069330839895
28.485,-1.76995505361,-0.135812229807,0.0688660883519
28.502,-1.7700438779,-0.13664627127,0.0684862240585
28.519,-1.76969758536,-0.137310762403,0.0680689696996
28.535,-1.76954728806,-0.137551996319,0.0675981067251
28.552,-1.76922117485,-0.137900835261,0.0671144624707
28.568,-1.76863613029,-0.138243730241,0.0669166965269
28.586,-1.76766305214,-0.138335039184,0.0668555173753
28.603,-1.76725808324,-0.138200708885,0.0670448545423
28.618,-1.76677733245,-0.13774870724,0.0677439525957
28.635,-1.76683894047,-0.137325468334,0.0684653596139
28.652,-1.76708587235,-0.136221125901,0.0698934107918
28.668,-1.7683793877,-0.134728839498,0.0717641622654
28.685,-1.76991200732,-0.133280624163,0.0731727530693
28.702,-1.77208278819,-0.131628564484,0.0748125948263
28.719,-1.77421575081,-0.129601172874,0.0762567052761
28.736,-1.7769370151,-0.127786460373,0.0772753385526
28.752,-1.77848618799,-0.127632931826,0.0776834533606
28.769,-1.78224760553,-0.126231096325,0.0786810920081
28.785,-1.78672750026,-0.12479257542,0.0800969597452
28.802,-1.79079498349,-0.12356614822,0.0814770814174
28.819,-1.79470144293,-0.122416439533,0.082106595928
28.836,-1.80021092822,-0.121119970438,0.0833377319544
28.852,-1.80653091275,-0.120088498364,0.0847657110414
28.869,-1.81452595078,-0.118697880819,0.0861776145672
28.886,-1.82289436181,-0.117725194307,0.0875284822586
28.903,-1.82989889335,-0.116864686265,0.0882036332382
28.919,-1.83679432876,-0.114976753107,0.0898442841539
28.936,-1.84228854708,-0.113252389968,0.0906521013612
28.953,-1.84707513568,-0.111985233844,0.0907593324037
28.969,-1.85036773415,-0.111084245736,0.0906110009838
28.986,-1.85227565823,-0.110050242321,0.0903142045993
29.003,-1.85172905079,-0.109243523432,0.0898426040637
29.019,-1.84980761803,-0.109569535395,0.0892653467051
29.036,-1.84937025796,-0.109837343414,0.0892125409037
29.053,-1.84913922413,-0.109967311435,0.0888516235502
29.069,-1.84775817413,-0.110532555831,0.0883522490241
29.086,-1.84581782859,-0.110727723625,0.088280549113
29.103,-1.84418115292,-0.111378527329,0.0886287619562
29.12,-1.8427849772,-0.112057765099,0.0887542127079
29.136,-1.84159772383,-0.112662331957,0.0887228350806
29.154,-1.84101276038,-0.113035743759,0.089019615551
29.17,-1.84077316369,-0.113056334307,0.0891821940148
29.186,-1.84049187474,-0.11294124723,0.0894220033152
29.204,-1.84085511317,-0.112095453396,0.0897296174611
29.22,-1.84196849875,-0.110420476196,0.0899352760075
29.237,-1.84466687682,-0.107518935723,0.089910097311
29.253,-1.8473996853,-0.105895572309,0.0898990793191
29.27,-1.84977791079,-0.104517871843,0.0906346763653
29.287,-1.85138442889,-0.103900938278,0.0916807703941
29.303,-1.85274997015,-0.103849598386,0.0920523378809
29.32,-1.85316874375,-0.103250870389,0.0925157680418
29.338,-1.85351068777,-0.102818953517,0.0930542591464
29.353,-1.85351883582,-0.102740178708,0.0935028079621
29.37,-1.85342436699,-0.102827224602,0.0937575372623
29.387,-1.85304815116,-0.102972324751,0.0940945017713
29.404,-1.85157181904,-0.103729194257,0.0944177508026
29.421,-1.84907219478,-0.105143975655,0.0954820548448
29.437,-1.84626203429,-0.106213464793,0.0964381617296
29.454,-1.84368752353,-0.106832798285,0.0964665284993
29.47,-1.84097276664,-0.108351190598,0.0973822668408
29.487,-1.83821232392,-0.110171485801,0.0981504434052
29.504,-1.83576124818,-0.111908491676,0.099275153608
29.521,-1.83379547106,-0.112698217231,0.100441317528
29.537,-1.83141329492,-0.113836811059,0.101806426963
29.554,-1.82925639537,-0.114463725713,0.102860306761
29.572,-1.82841860829,-0.115194259176,0.103521314354
29.589,-1.82652313741,-0.116785842964,0.104293436801
29.604,-1.82450687443,-0.118087460769,0.105072935421
29.621,-1.82261945916,-0.118451497981,0.105782132351
29.637,-1.82124099556,-0.118428635772,0.106264151394
29.654,-1.81883772036,-0.11932858445,0.107175474095
29.671,-1.81546038683,-0.120434356594,0.108363938273
29.688,-1.81123549734,-0.121996434446,0.108666933122
29.704,-1.80649489439,-0.122328989121,0.108968113625
29.722,-1.80231206861,-0.122704742821,0.109374423751
29.738,-1.79716339971,-0.123694417716,0.110048290931
29.754,-1.79066074817,-0.124491770438,0.10994492023
29.771,-1.78460108892,-0.12531677252,0.109620968742
29.788,-1.77867484944,-0.125864722708,0.109443694478
29.805,-1.77246049996,-0.126771689334,0.109447181699
29.821,-1.76577065881,-0.128101026687,0.108807258835
29.839,-1.75904254446,-0.12876507263,0.107603419625
29.855,-1.75288184628,-0.129264828915,0.106381167906
29.872,-1.74626711943,-0.129924286715,0.105171628138
29.888,-1.73923063825,-0.131137277526,0.104017132582
29.905,-1.73220031708,-0.13195970856,0.10238025143
29.923,-1.72561272779,-0.131974310585,0.10116537724
29.938,-1.71975321041,-0.132327735143,0.100568552968
29.955,-1.71320559359,-0.133090277579,0.100743848755
29.972,-1.70669434908,-0.134962074155,0.100625441818
29.988,-1.69952672658,-0.136252252354,0.0999790301405
30.005,-1.69303085223,-0.137139083583,0.0993468036116
30.022,-1.68611420912,-0.138177363112,0.0995871723592
30.039,-1.67882356596,-0.139562125272,0.100094275491
30.055,-1.67053244882,-0.140711700961,0.0994939079561
30.073,-1.66239599274,-0.14179610774,0.0987244906886
30.089,-1.6543638039,-0.14301731759,0.0983626241335
30.105,-1.64592376227,-0.144182915026,0.0980370610816
30.123,-1.63801465189,-0.145841599402,0.0971869142399
30.139,-1.6291184472,-0.14774766498,0.0965517946949
30.155,-1.62107029211,-0.149481737261,0.0958065492236
30.172,-1.6130503377,-0.15058872286,0.0951901532153
30.189,-1.60480794778,-0.151447135211,0.0943802914444
30.205,-1.5967139283,-0.152736054086,0.0936001657377
30.222,-1.58824991442,-0.154514025753,0.092536686643
30.239,-1.57969267712,-0.156116342451,0.0908339666313
30.256,-1.57025395598,-0.156658792074,0.0896392592277
30.273,-1.56155961108,-0.1564953942,0.0891198002525
30.289,-1.55350843059,-0.156813693576,0.089180477061
30.306,-1.54545117261,-0.157753237756,0.0892349693005
30.322,-1.53779880234,-0.159251391393,0.0892816018906
30.339,-1.53035041951,-0.160555917468,0.088914608618
30.356,-1.5232932728,-0.161064126554,0.0886967454268
30.372,-1.51638262776,-0.161465952813,0.088915810556
30.389,-1.50971528734,-0.16217249077,0.0892939672855
30.406,-1.50310355641,-0.162472779026,0.0894577179748
30.423,-1.49680625238,-0.162769243261,0.0891284122003
30.439,-1.49039451577,-0.163156430763,0.088740093762
30.456,-1.48420606095,-0.163666552314,0.0885720859672
30.473,-1.47686785178,-0.164373610189,0.0888541914973
30.49,-1.47046075461,-0.163657504774,0.088216975691
30.506,-1.46456979728,-0.162621485068,0.0873249421594
30.524,-1.4584799272,-0.162177818154,0.0865251893502
30.54,-1.45192008517,-0.162153344133,0.0868449351031
30.556,-1.44466538795,-0.162844933638,0.0869864846578
30.573,-1.43714819406,-0.163901726046,0.0872694774494
30.593,-1.42855361314,-0.164670860667,0.0874813849792
30.606,-1.41971051242,-0.164811167197,0.0870706141997
30.623,-1.41020079021,-0.16431895437,0.0871219872584
30.64,-1.40093379134,-0.164265119308,0.087376079765
30.656,-1.39142258989,-0.165080742379,0.0879450088989
30.673,-1.38155362638,-0.164810305399,0.0881978628202
30.69,-1.37215921504,-0.165132044159,0.0880446449982
30.707,-1.3621291419,-0.165783906435,0.0876167368062
30.724,-1.35259727661,-0.165999212723,0.0862068825092
30.741,-1.34337679893,-0.165276461573,0.0849876534731
30.757,-1.33480896515,-0.16386978646,0.0835518831463
30.774,-1.32683663082,-0.162314246817,0.0829709084831
30.79,-1.31939675363,-0.161470956965,0.0821494986429
30.807,-1.31089681896,-0.161245496287,0.0817285635489
30.824,-1.30177575395,-0.160929904893,0.0809705102497
30.84,-1.29310477565,-0.15998835745,0.0800245261207
30.857,-1.28315645959,-0.15886293521,0.078947284872
30.874,-1.27318498066,-0.158737770834,0.0777957006318
30.89,-1.26300153217,-0.158688952863,0.0760971075273
30.907,-1.25189617952,-0.158985202304,0.0750752573402
30.924,-1.24140742832,-0.159712377005,0.0746367196113
30.941,-1.2294209228,-0.159857918102,0.0736571061071
30.958,-1.21793165115,-0.159487453661,0.0729471929481
30.974,-1.20659353801,-0.158807168632,0.0718977916792
30.991,-1.19480695364,-0.157670616888,0.0716099186411
31.007,-1.18435871569,-0.156879740114,0.0713761483583
31.024,-1.17453766546,-0.15692056086,0.0712471710175
31.041,-1.16562912129,-0.156295410346,0.0713752065721
31.057,-1.15650507606,-0.15638341075,0.0711551973239
31.074,-1.14881983865,-0.155908150792,0.0709376016249
31.092,-1.14083594598,-0.15591452108,0.0707265949412
31.108,-1.13269484653,-0.155223324479,0.0700116366586
31.124,-1.12527201043,-0.155399626659,0.0698911402548
31.141,-1.11688519763,-0.155324814487,0.0688770666484
31.158,-1.10894965221,-0.154548937672,0.067300978258
31.175,-1.10093995605,-0.153272061554,0.0658741397577
31.191,-1.09273327956,-0.151806456426,0.0650252140343
31.208,-1.08409765187,-0.150532805798,0.0644019486969
31.225,-1.07569145098,-0.149637487149,0.0639526496991
31.241,-1.06665253699,-0.148818540231,0.0629078498228
31.258,-1.05849635924,-0.148012786595,0.062309501423
31.275,-1.04972360958,-0.147451850887,0.0624304175299
31.292,-1.04215554652,-0.14735462954,0.0621916400776
31.308,-1.03463643504,-0.147709884618,0.0622286059354
31.325,-1.02832542768,-0.147488158129,0.0613834845049
31.343,-1.02188781394,-0.146832839437,0.0603792870997
31.358,-1.01609134308,-0.146973594502,0.0601282396311
31.375,-1.01098838589,-0.14758222368,0.059752857684
31.392,-1.00582838787,-0.148505545409,0.0594376030898
31.408,-1.00092468237,-0.149441506645,0.0587946127433
31.425,-0.995649797976,-0.149708036294,0.0583341866017
31.442,-0.989773284933,-0.150512682864,0.0577331922223
31.46,-0.984970480677,-0.150624000999,0.0576741744015
31.475,-0.980026134136,-0.150271265386,0.0577984402747
31.493,-0.975434105685,-0.150508045695,0.0577671236829
31.509,-0.971131636006,-0.150617865396,0.0575190907793
31.526,-0.967921856718,-0.150676462929,0.0578114970983
31.542,-0.965860264413,-0.15138356887,0.0592665679533
31.559,-0.965810355447,-0.152119306662,0.0596130036699
31.575,-0.966428200206,-0.153379879985,0.0597341863554
31.594,-0.967664379415,-0.154760965479,0.0595498325065
31.609,-0.969520309185,-0.157013311783,0.0588314198163
31.626,-0.973915708072,-0.15942173684,0.0574594080326
31.642,-0.981185895269,-0.161521803857,0.0571427542544
31.659,-0.986905031675,-0.163081746126,0.0576677347234
31.676,-0.992672168549,-0.165031499182,0.0595237157301
31.693,-0.998817831923,-0.166631388211,0.0616008979221
31.709,-1.00578995463,-0.167264121652,0.0638114848128
31.726,-1.01251067234,-0.1680322396,0.0662458551746
31.744,-1.01932277438,-0.168875696937,0.0693430631083
31.759,-1.02622181487,-0.169626768996,0.0720237407099
31.776,-1.0334561079,-0.17041937424,0.074468383148
31.793,-1.04056926469,-0.172177214121,0.0769415799838
31.809,-1.04877618315,-0.173226490639,0.0788068746462
31.826,-1.05722503958,-0.174421401846,0.0806475743998
31.844,-1.06575956652,-0.175208351434,0.082057666942
31.859,-1.07468096953,-0.176003354849,0.0842750925029
31.876,-1.08403254162,-0.177166900938,0.0863699107875
31.894,-1.09414620498,-0.177263711377,0.088438755807
31.91,-1.10424431238,-0.177180466468,0.0906112109826
31.926,-1.11424857611,-0.176831061748,0.092165057816
31.944,-1.12307220165,-0.175573578072,0.0944967611593
31.96,-1.1317343309,-0.174851462647,0.0969838224848
31.977,-1.14004440619,-0.17398700688,0.0992412494878
31.993,-1.14841963035,-0.174476261352,0.101874257987
32.011,-1.15794364335,-0.176185340997,0.104924579191
32.026,-1.16677969543,-0.177114089295,0.106341297726
32.043,-1.17588648221,-0.176840655543,0.107855352969
32.06,-1.18587226029,-0.175840547275,0.110875895021
32.077,-1.19586810221,-0.173740346285,0.114142157094
32.093,-1.20710337006,-0.171968334066,0.117620686819
32.11,-1.21854590677,-0.170265061358,0.120226825031
32.127,-1.2314393357,-0.168453537394,0.122617090474
32.143,-1.24503922278,-0.166373427454,0.124356870041
32.16,-1.25871458129,-0.163336312915,0.126162879007
32.177,-1.27407417353,-0.160392702277,0.128830156299
32.194,-1.28955422135,-0.15774558544,0.131492736132
32.21,-1.30524717828,-0.155427281704,0.133445657951
32.227,-1.3225454998,-0.153259711585,0.135986549775
32.244,-1.33967827728,-0.151017428718,0.138002978241
32.26,-1.35739286204,-0.148168268714,0.140479850486
32.277,-1.37487231614,-0.144960493517,0.141727893426
32.294,-1.39284817309,-0.142191838208,0.143800066291
32.311,-1.41000291381,-0.139606157451,0.145207260954
32.327,-1.42604946891,-0.13658620894,0.145941726282
32.344,-1.44339190603,-0.13296692426,0.146738857341
32.362,-1.4596658088,-0.130204010421,0.147115530933
32.377,-1.4754480142,-0.127411376027,0.146984717731
32.394,-1.49050256817,-0.124498301203,0.147174945136
32.411,-1.50483744121,-0.121637715084,0.148114123028
32.427,-1.5186799638,-0.118673698097,0.148650967339
32.444,-1.53285564093,-0.116668770498,0.148998230742
32.461,-1.54615798562,-0.114736972016,0.149537760936
32.478,-1.5586359626,-0.11300045261,0.149789935413
32.494,-1.56996763376,-0.11131884432,0.149272755905
32.511,-1.58124419854,-0.110174748684,0.149470556511
32.528,-1.59197769019,-0.109113033772,0.149749280028
32.544,-1.60158031445,-0.107967818305,0.149580338499
32.561,-1.60977633098,-0.10724461911,0.148898945258
32.578,-1.6177183055,-0.107054553217,0.148356935819
32.596,-1.62512604084,-0.107387163503,0.148067812727
32.611,-1.63134978233,-0.107404230473,0.147529698681
32.628,-1.6374723825,-0.107301379683,0.146630506303
32.644,-1.64277642285,-0.106114579498,0.145554452074
32.661,-1.64678139103,-0.105365853227,0.145007785726
32.678,-1.65082734467,-0.10503779872,0.145188307279
32.695,-1.65380109766,-0.104800934305,0.145608597265
32.712,-1.65697714862,-0.104963624022,0.145549572992
32.728,-1.65979677994,-0.10508481293,0.145246196788
32.745,-1.66137592526,-0.106022665209,0.144617905019
32.762,-1.66256088515,-0.106813349694,0.144270883642
32.778,-1.66339217803,-0.107111189318,0.143754750611
32.795,-1.66379741521,-0.107273910155,0.143070958345
32.812,-1.66473601037,-0.107069677916,0.142498063115
32.828,-1.66522602881,-0.107174377909,0.142063580046
32.845,-1.66536808696,-0.107037199137,0.141470497101
32.862,-1.6654238748,-0.106898560501,0.141112004385
32.879,-1.6652607237,-0.106608895843,0.140832601398
32.895,-1.66456431312,-0.106110004445,0.140548854612
32.913,-1.66335335437,-0.105218353439,0.140104354273
32.929,-1.66157294769,-0.104328244517,0.139832668814
32.945,-1.65769099942,-0.102848174861,0.139660767457
32.962,-1.65375341797,-0.101887400466,0.140319650258
32.979,-1.64812037921,-0.100322824981,0.140923540264
32.995,-1.64303313172,-0.0993307325726,0.141205023195
33.012,-1.63805692446,-0.0987004561027,0.141880209352
33.029,-1.63108976966,-0.0987722347186,0.142431584925
33.046,-1.62348574322,-0.0986050275867,0.142573842601
33.062,-1.6151632836,-0.0983792248089,0.14349741023
33.079,-1.60714034452,-0.0987025510188,0.144385896078
33.096,-1.59751834492,-0.0998441966565,0.145621047227
33.112,-1.58672841252,-0.10111979115,0.146572098307
33.13,-1.57449794675,-0.101197459202,0.146909036121
33.146,-1.56091086076,-0.100736864375,0.146227278093
33.163,-1.54738800324,-0.100265985467,0.145798783692
33.179,-1.533616337,-0.10049909816,0.145321666588
33.196,-1.51974854329,-0.100575985634,0.144368623866
33.213,-1.50646713959,-0.101006864355,0.143063834799
33.229,-1.49467484736,-0.10135947763,0.1410388004
33.246,-1.48310791526,-0.102116881,0.140000081041
33.263,-1.47112158701,-0.103413493002,0.138229347018
33.279,-1.45899098821,-0.103629425751,0.136178311173
33.296,-1.44821230257,-0.103242450632,0.1345198868
33.313,-1.43834447836,-0.103181214115,0.13331794534
33.33,-1.42807750272,-0.103651004218,0.132152215139
33.346,-1.41734012423,-0.10432628084,0.130615972432
33.364,-1.40695682363,-0.105068652518,0.129181641778
33.38,-1.39735921949,-0.104698925588,0.127462243665
33.396,-1.38837783873,-0.105162817951,0.126418766225
33.413,-1.37861711589,-0.104976670273,0.125473712307
33.43,-1.36975773853,-0.105731921722,0.12439014655
33.447,-1.36117230723,-0.106633731577,0.123523292913
33.463,-1.35203741948,-0.107564315121,0.122234490859
33.481,-1.34221769105,-0.109407519019,0.121493153944
33.497,-1.33224174012,-0.110210000186,0.120143735277
33.513,-1.32279501118,-0.110706740709,0.118959050179
33.532,-1.31325042032,-0.111117766927,0.117780425386
33.547,-1.30372928896,-0.111852391955,0.116917555975
33.563,-1.29364250866,-0.112106264011,0.116066164436
33.58,-1.28517749548,-0.112218795638,0.114970389897
33.598,-1.27646002173,-0.112311694991,0.114560361933
33.614,-1.26738811741,-0.112816895928,0.113884835704
33.632,-1.25894830685,-0.113202976211,0.113185804113
33.647,-1.25003313843,-0.113690727678,0.112259583222
33.664,-1.24023221983,-0.113719534457,0.11128200711
33.68,-1.23084982413,-0.113113620671,0.110356079337
33.697,-1.22115991912,-0.112674038038,0.108749974888
33.714,-1.2115882034,-0.111554906153,0.107925993498
33.731,-1.20189172206,-0.109720499856,0.107154881582
33.747,-1.19280146951,-0.10800672936,0.106430310311
33.764,-1.1845207897,-0.105930070299,0.106181517091
33.781,-1.1759823644,-0.104190884759,0.106714292949
33.797,-1.16878625019,-0.102245281631,0.10795349053
33.814,-1.1612327475,-0.10007254934,0.108739679234
33.831,-1.15414614755,-0.0977046283679,0.110244493519
33.847,-1.14737669704,-0.0959366531412,0.111561555906
33.864,-1.14034370827,-0.0943345802682,0.112527989253
33.881,-1.13375466801,-0.0932466251667,0.11362814907
33.897,-1.1276350308,-0.0920416350559,0.114263445803
33.914,-1.12120068795,-0.0908038455842,0.114413570584
33.932,-1.11528391321,-0.090196639634,0.114877692228
33.948,-1.10907803067,-0.0892245003168,0.114721011677
33.964,-1.10312698252,-0.0885745613815,0.114208491516
33.981,-1.09755020613,-0.0875152619086,0.114316747135
33.998,-1.09163207,-0.0878381586821,0.114428301181
34.015,-1.08706057359,-0.0880578060647,0.114712708084
34.032,-1.08190355495,-0.0888239967632,0.11404590617
34.048,-1.07782144243,-0.0894808495904,0.113977051019
34.065,-1.07360292596,-0.091654905635,0.113179131988
34.081,-1.07025968896,-0.0937040614929,0.112900826185
34.098,-1.0671801633,-0.0958196737392,0.112281435852
34.115,-1.06519170283,-0.0980008214855,0.111873744016
34.132,-1.06325792435,-0.101398488027,0.111392087716
34.148,-1.06215394022,-0.105162080738,0.110998186537
34.165,-1.06141038778,-0.108144879035,0.110956852053
34.182,-1.06204389649,-0.110248466038,0.110499907817
34.198,-1.06205496522,-0.114065089292,0.109199201885
34.215,-1.06229930906,-0.117510022186,0.10880414764
34.232,-1.06342927224,-0.119196223567,0.108830562758
34.249,-1.06395667598,-0.1205582179,0.109472477412
34.266,-1.06445194036,-0.122239305558,0.109919369554
34.282,-1.06578258331,-0.124814031159,0.110392699727
34.299,-1.06764886366,-0.127605162337,0.110951917277
34.316,-1.06982885012,-0.130275682226,0.11187304601
34.332,-1.07240882349,-0.132459151839,0.112063579055
34.349,-1.07659656807,-0.135003572821,0.112374095507
34.366,-1.08076298148,-0.136252053188,0.112411249082
34.382,-1.08583493523,-0.137264939668,0.113063061848
34.399,-1.09048959493,-0.139026071484,0.113601889187
34.415,-1.09688025277,-0.140798572268,0.114686904907
34.432,-1.10383719593,-0.142571386326,0.116125311101
34.449,-1.11142651988,-0.145850299953,0.118247088288
34.466,-1.11897709791,-0.149843688502,0.119742042367
34.482,-1.12634229051,-0.153260289782,0.121128909222
34.499,-1.13380898364,-0.155580870976,0.122531768574
34.516,-1.14196369793,-0.158546695097,0.122929239317
34.532,-1.1507601878,-0.161211031557,0.122806237119
34.549,-1.16021823899,-0.162922872823,0.122236896568
34.566,-1.17054327335,-0.163531586737,0.121309002287
34.583,-1.18140205955,-0.163772877871,0.119500786807
34.602,-1.19411575264,-0.163396742932,0.118029462247
34.616,-1.20715655538,-0.163373978676,0.117076830148
34.633,-1.22090504607,-0.162541404373,0.11598745132
34.649,-1.23577415928,-0.161941264047,0.114643261472
34.666,-1.25082256711,-0.162371559735,0.113363261922
34.683,-1.26653464928,-0.163141733352,0.11226163793
34.7,-1.2829933407,-0.163729061745,0.11138592614
34.717,-1.29954799514,-0.163383745518,0.111723005916
34.733,-1.3155171548,-0.164323488811,0.111853293967
34.751,-1.33169007695,-0.166774837766,0.112521013158
34.766,-1.34821012064,-0.17049890798,0.113824519901
34.783,-1.36490124176,-0.174548907806,0.115202628373
34.8,-1.3817484522,-0.179809923208,0.116548992629
34.816,-1.3976058106,-0.184157789788,0.116719075771
34.833,-1.41394045454,-0.187194582612,0.115879013525
34.85,-1.42870346727,-0.186916958299,0.115354239405
34.867,-1.44307327022,-0.185252644609,0.114061494207
34.883,-1.45791698729,-0.183828486626,0.113134879223
34.9,-1.47158455348,-0.183929927253,0.110288877345
34.917,-1.4859493524,-0.184441317492,0.106928835748
34.935,-1.50056164898,-0.185209276951,0.102814091778
34.95,-1.5150368496,-0.18545073899,0.0988449001181
34.967,-1.52871137426,-0.185509040933,0.0947066709446
34.983,-1.54266618223,-0.1848364491,0.0901566189286
35.0,-1.55597674627,-0.185085451812,0.085770744386
35.017,-1.56866382848,-0.185258285611,0.0817775717447
35.034,-1.58200192171,-0.18467989854,0.0786862082929
35.051,-1.59468520964,-0.183274275914,0.0757103153608
35.067,-1.60665402327,-0.182579000048,0.0731388412168
35.084,-1.6183756013,-0.182210958632,0.0710681254081
35.1,-1.62961247075,-0.182332243398,0.0695877076854
35.117,-1.64067107488,-0.181631045495,0.0681689438227
35.134,-1.65063743696,-0.180329126607,0.0668365006839
35.151,-1.66056283335,-0.179121846109,0.0655709961347
35.167,-1.6690043613,-0.179725254088,0.0636734267808
35.184,-1.67757517941,-0.180264560666,0.0611075929392
35.201,-1.68516676008,-0.180280653147,0.058852276124
35.217,-1.69195591413,-0.180346174937,0.0566111625349
35.234,-1.69812728502,-0.180004641201,0.0542070954548
35.251,-1.70374694939,-0.180424084078,0.0514797813253
35.267,-1.70840992812,-0.180709202143,0.048879461287
35.284,-1.7135853798,-0.180906083226,0.046184541225
35.302,-1.71816683468,-0.181811090007,0.043748859375
35.318,-1.7227887611,-0.182646013954,0.0410891774424
35.335,-1.72661088517,-0.184936001372,0.038837699665
35.352,-1.73002008331,-0.186885116568,0.0367898033006
35.369,-1.73280073974,-0.187839178888,0.0346124511371
35.384,-1.73478557333,-0.188149648402,0.0331988149804
35.401,-1.73628622089,-0.188935560678,0.0315917490242
35.418,-1.73663005276,-0.189722912101,0.0304634129134
35.435,-1.7362404858,-0.190132335639,0.0295520712774
35.451,-1.73580290802,-0.190093643641,0.0292954509703
35.468,-1.7354688405,-0.190330397188,0.0288033568548
35.485,-1.73491016544,-0.191247551677,0.0280772396792
35.502,-1.73397091435,-0.192148739445,0.0275185075469
35.518,-1.73243518452,-0.193254758957,0.0269315358549
35.536,-1.72972015814,-0.194035775464,0.0264036818354
35.551,-1.72640440761,-0.194635268893,0.0256609755293
35.568,-1.72245462823,-0.195398915687,0.0250310661311
35.585,-1.71871418247,-0.196105747304,0.0249132159111
35.603,-1.71358117701,-0.196497462318,0.0244241971872
35.618,-1.70813756413,-0.196675985945,0.0242504706038
35.636,-1.70256604522,-0.196109698417,0.024144964277
35.652,-1.69674823216,-0.1944938439,0.0247539526014
35.668,-1.68979192233,-0.193826233318,0.0255760645937
35.685,-1.68275337718,-0.193277769647,0.0269232244357
35.702,-1.67468281925,-0.192280109955,0.0280993204868
35.719,-1.66636939321,-0.190697593236,0.0289882596587
35.735,-1.65685755327,-0.187888826987,0.0296475895882
35.752,-1.64742222373,-0.18514838895,0.0312607629959
35.77,-1.63779753735,-0.182700015064,0.0327772227291
35.785,-1.62630835316,-0.179879662216,0.0342252269547
35.802,-1.61408940663,-0.176062511164,0.0354164237158
35.82,-1.60089217373,-0.171566622404,0.03705017742
35.836,-1.58742901107,-0.166565781718,0.0395324271049
35.852,-1.57242832482,-0.160316303313,0.0419357064449
35.869,-1.55786659962,-0.154713378007,0.044862398774
35.886,-1.54283345698,-0.148583546848,0.047183273506
35.902,-1.52841262099,-0.142840834636,0.0487368615447
35.92,-1.51433300747,-0.137641949414,0.0504561933032
35.936,-1.50048229716,-0.132898751097,0.0519315730583
35.953,-1.48671116896,-0.127851344923,0.0532096984225
35.969,-1.47322403163,-0.123805014394,0.0538104207754
35.986,-1.45891623101,-0.120008874898,0.0538995545242
36.002,-1.44459043247,-0.116940000507,0.0538157990319
36.019,-1.42977408805,-0.113193130236,0.0533589275135
36.036,-1.41487151988,-0.109686814358,0.0529492821
36.053,-1.39859208681,-0.106888711825,0.0533804033055
36.07,-1.3830153908,-0.104443821173,0.0540934816696
36.086,-1.36585746599,-0.1023277255,0.0544037014005
36.103,-1.34848086915,-0.100363877661,0.0547997860902
36.12,-1.33138175467,-0.0990997474665,0.0553706179443
36.136,-1.31353198278,-0.0989827261386,0.0561782873355
36.153,-1.29526317792,-0.0997720647297,0.0566982103014
36.171,-1.2769285906,-0.100193632297,0.056914166425
36.186,-1.25789193667,-0.101198553621,0.05650999721
36.203,-1.23846992226,-0.103270065164,0.0561587277636
36.22,-1.21835790427,-0.104989217177,0.0555533995259
36.236,-1.19798205612,-0.105641467343,0.0546963683595
36.253,-1.17660053179,-0.105555413892,0.0536213965689
36.27,-1.15582150435,-0.105691614363,0.0526491695339
36.287,-1.1337556229,-0.106894949668,0.0507015452301
36.303,-1.10999748777,-0.108142127986,0.049670679794
36.32,-1.08616215859,-0.109502881286,0.0492800520728
36.337,-1.06154378004,-0.112475398542,0.0486656221956
36.353,-1.03714260152,-0.115753368488,0.0464148593544
36.37,-1.01234584027,-0.118075906823,0.0435594706724
36.387,-0.987123479488,-0.118791255027,0.0396299863899
36.404,-0.961295677941,-0.119594756174,0.0369383995607
36.42,-0.934966679787,-0.12114738307,0.0349936686237
36.437,-0.905835063828,-0.124460506041,0.0336479443089
36.454,-0.87273677302,-0.127526790506,0.0327502140079
36.471,-0.837801340936,-0.129368636403,0.0313343031798
36.487,-0.801920350529,-0.130673291559,0.0286308517587
36.504,-0.765675218357,-0.131952219796,0.0233776914222
36.522,-0.726421633273,-0.13353906113,0.0179566802574
36.537,-0.68574485929,-0.134095730489,0.0124100362811
36.554,-0.645198357904,-0.133677854221,0.00700412998671
36.572,-0.603234551523,-0.13345680327,0.00293671268627
36.587,-0.560078904596,-0.134159602605,0.000346965305037
36.607,-0.515075473836,-0.13436750618,-0.00263544756746
36.621,-0.47007523822,-0.134897922464,-0.00612479332901
36.639,-0.426659216637,-0.135046881803,-0.00967721928697
36.654,-0.385279182771,-0.134785856012,-0.0120409204426
36.671,-0.34346791847,-0.134583979636,-0.012024093936
36.688,-0.298880330084,-0.134515910454,-0.0134057154503
36.704,-0.253900912119,-0.134207197743,-0.0153171665766
36.721,-0.209345402033,-0.133844242615,-0.0167237534288
36.738,-0.164476335356,-0.133175117574,-0.017623236206
36.754,-0.1197954381,-0.13337709512,-0.0186693516012
36.771,-0.0757197426823,-0.133696009004,-0.0201594637516
36.788,-0.0314706389872,-0.133606864653,-0.0220035566835
36.804,0.0124645849104,-0.131975330389,-0.0230609444036
36.821,0.0559813089466,-0.129181314784,-0.0239845375148
36.838,0.0984012082568,-0.126728202833,-0.0242693689314
36.855,0.140836751705,-0.12432213894,-0.0235063697151
36.871,0.182593100786,-0.120651481268,-0.0226951267228
36.888,0.223323374987,-0.116615612393,-0.0215347600538
36.905,0.263075853741,-0.113658241404,-0.0206320160156
36.921,0.301053736252,-0.110612414702,-0.0191589543682
36.938,0.339467058407,-0.107334850475,-0.017418853656
36.955,0.377975857102,-0.104332032028,-0.0153490075898
36.972,0.416012621881,-0.102538211925,-0.0128995884819
36.988,0.452880781409,-0.10049970735,-0.0115716740402
37.006,0.488149258517,-0.0991427695078,-0.0103186383377
37.022,0.523270599676,-0.0966151006865,-0.00838513129981
37.038,0.557892713961,-0.0947253351468,-0.00631318730703
37.055,0.591754209593,-0.0925103608518,-0.00483777417879
37.072,0.625058027583,-0.0895963833275,-0.00359606669862
37.088,0.658406806456,-0.0861075542054,-0.0019005007006
37.105,0.692156678108,-0.0833556835137,-0.000841525935025
37.122,0.724422590637,-0.0818619977324,-0.000380448113454
37.139,0.75431346419,-0.0810015451341,-0.000289194556691
37.155,0.782419888926,-0.0802209420407,0.000499412019674
37.173,0.810010889505,-0.0792313333624,0.00190648947275
37.189,0.835383753769,-0.0785186167984,0.00236215897641
37.205,0.857360233581,-0.0770744966297,0.00215019799538
37.222,0.877603302949,-0.0751435950521,0.00146176491348
37.239,0.896962002979,-0.0739130941434,0.00178237017406
37.256,0.91552890499,-0.0730568686505,0.00192569086896
37.272,0.932169044423,-0.0720178869922,0.00127815124307
37.289,0.948526394243,-0.0708327328918,0.000927997787922
37.306,0.965284940936,-0.0693403271746,0.00114559554442
37.323,0.982342630353,-0.0676122527505,0.000678599485867
37.341,0.999189001337,-0.0667414965569,-0.000957780715851
37.356,1.01430865075,-0.0649424636299,-0.00246356034792
37.372,1.02928743545,-0.0627615360631,-0.0037302619574
37.389,1.04341245936,-0.0607764032984,-0.00448653326828
37.406,1.05849638372,-0.0588165304314,-0.00506842162452
37.423,1.07465509315,-0.0571622520039,-0.00572682500963
37.44,1.09094631507,-0.0562172231233,-0.0061887319762
37.456,1.10708439756,-0.055161621803,-0.00599822065978
37.474,1.1234255016,-0.0540024343825,-0.00530961026921
37.49,1.14113157535,-0.0521287096656,-0.00487805633485
37.506,1.15985181657,-0.0511021356897,-0.00484433948479
37.523,1.17815003331,-0.0503902586268,-0.00699183181565
37.54,1.19626389332,-0.0502834460346,-0.00914029251809
37.556,1.21396982444,-0.0496245907586,-0.0106743781434
37.573,1.23108737183,-0.0491443532651,-0.0118156693324
37.59,1.24892888855,-0.0488823836912,-0.0127320111773
37.608,1.26659695752,-0.0496464252457,-0.0140461969545
37.623,1.28459958161,-0.0511554126235,-0.0151868372846
37.64,1.30225990249,-0.0521226050942,-0.0163726418757
37.656,1.31916800556,-0.052784796423,-0.0166369636076
37.673,1.33613762909,-0.0527727967657,-0.0168211413377
37.69,1.35262540211,-0.0521388011125,-0.0164865909269
37.708,1.36862936451,-0.0518171927543,-0.0167444035871
37.723,1.38451295334,-0.0513626250763,-0.0165694734056
37.74,1.40036678514,-0.0507927345682,-0.0163118089978
37.757,1.41649169714,-0.0504085863991,-0.0153127502052
37.773,1.43352498012,-0.0509436990022,-0.0143176001329
37.79,1.45079117028,-0.052704045834,-0.0129376336446
37.807,1.46874119332,-0.053650394324,-0.0117862828393
37.824,1.48708811424,-0.0552179400915,-0.0110595683306
37.841,1.50598610623,-0.0569261800133,-0.0105016462253
37.857,1.52462437677,-0.0587304514819,-0.0102511832183
37.874,1.54331395962,-0.059635279621,-0.00986624491225
37.89,1.56188801731,-0.059820036774,-0.00921735603583
37.907,1.57951266495,-0.0604774600238,-0.00851669422226
37.924,1.59806955362,-0.0614507702759,-0.00747318796542
37.941,1.61529585135,-0.0627077835225,-0.00598865107879
37.957,1.63218064714,-0.0638010031983,-0.00459422843749
37.975,1.64882171683,-0.0643086646006,-0.00342707125858
37.99,1.66503193481,-0.0653463943294,-0.00109924556157
38.007,1.68088765587,-0.066591080286,0.000366433348073
38.024,1.69552120845,-0.0677005976681,0.0017353968086
38.041,1.7103715045,-0.0681695181707,0.00329834877315
38.057,1.7243865197,-0.0687271172919,0.00528300401205
38.075,1.73843109286,-0.0696691185767,0.00764367802366
38.091,1.75183917932,-0.0705857218863,0.00919625067336
38.108,1.76530354468,-0.0714082516892,0.0114146777038
38.125,1.77844386751,-0.0699995548523,0.0137957161726
38.141,1.79168923928,-0.0696916253538,0.0169523935136
38.158,1.80471597306,-0.0707478578549,0.0186382797217
38.175,1.8175232936,-0.0714713890561,0.0201457043169
38.191,1.82987740927,-0.0714369293832,0.0218850509855
38.208,1.84318449992,-0.0706879859469,0.0244415582283
38.224,1.85588076142,-0.070863468277,0.0274029630475
38.242,1.86840227683,-0.0701752202935,0.029642882652
38.258,1.88088451446,-0.0690219128352,0.0317207770562
38.275,1.89312822556,-0.0680144890615,0.0332643880484
38.291,1.90514393858,-0.0678988874436,0.0352504797054
38.308,1.91767038008,-0.0679785127348,0.0367523534938
38.325,1.92982646571,-0.0684102224361,0.0385785418422
38.341,1.94197934909,-0.0689483150948,0.0401022870812
38.358,1.95489593156,-0.0692794795613,0.0415887957569
38.375,1.96619709711,-0.0691530923522,0.0426254185242
38.392,1.97865994072,-0.0683756861418,0.0432907310936
38.408,1.9903830599,-0.0682811649031,0.0441199975523
38.425,2.0026914038,-0.068134567415,0.0449714769308
38.442,2.01439096969,-0.0684935347657,0.0448868932502
38.458,2.02497328545,-0.0681789785237,0.0444069487291
38.476,2.03530204378,-0.0682852657334,0.0438329708368
38.492,2.04539962261,-0.0690982414566,0.0437048460547
38.509,2.05461827069,-0.0707790391274,0.04292899056
38.525,2.06309421849,-0.0718901749329,0.0417218770612
38.543,2.06962521539,-0.0725218882481,0.0411683780106
38.559,2.07646923906,-0.0723923591807,0.0401703698053
38.575,2.08190398735,-0.07371192267,0.039554616756
38.592,2.08549608935,-0.0757114218691,0.0386543913745
38.612,2.08769781069,-0.0775527459251,0.0375771609717
38.625,2.09041567508,-0.0785871459893,0.0372537146077
38.642,2.09063275941,-0.0797444549874,0.0370929271978
38.659,2.08974392087,-0.0808419651277,0.0372343316335
38.676,2.08907362879,-0.0819224291439,0.0370754796471
38.692,2.08852111841,-0.0834367340808,0.0366230260387
38.709,2.08786787869,-0.0846765475845,0.036335197743
38.726,2.08664505445,-0.0867079687139,0.0355975978921
38.742,2.0847236479,-0.0890424948784,0.034308874758
38.759,2.08227211223,-0.0913383811318,0.0321442364182
38.776,2.08004039464,-0.0931514616476,0.0304363994244
38.793,2.07826959212,-0.0940926294393,0.0292982101613
38.809,2.07583929512,-0.0951183645486,0.0282029632058
38.826,2.07388761205,-0.0957919109629,0.0276525055656
38.843,2.07176070177,-0.0966752950643,0.0266230974769
38.859,2.06931008569,-0.0970074217525,0.0256190194909
38.876,2.06814227083,-0.0975083245743,0.0250046464525
38.894,2.06512206662,-0.0977869060653,0.0241383470382
38.911,2.0633125696,-0.0983591961232,0.0234043127711
38.926,2.06086524415,-0.0986779489267,0.0224120932869
38.943,2.05765922741,-0.0989408921806,0.021051553559
38.961,2.05391097476,-0.0990494687942,0.0197404048602
38.976,2.05054805762,-0.0992868267458,0.0190245719111
38.993,2.0457735522,-0.0989332320403,0.0183955244996
39.01,2.04128089623,-0.0980757957851,0.0186200590843
39.026,2.03640440301,-0.0971520153166,0.0184890378617
39.043,2.03091864428,-0.0958939930204,0.0179665894029
39.06,2.02525974914,-0.0952650791314,0.0172065440545
39.077,2.01947095792,-0.0948216513801,0.0167079209438
39.093,2.01370570121,-0.0940751268519,0.0155641109574
39.11,2.00790751142,-0.0933000495119,0.0143114704204
39.127,2.00280263613,-0.0927941201989,0.0134032865221
39.143,1.99741164383,-0.0930665141365,0.0122048969126
39.16,1.99193512938,-0.0928578921726,0.0112301957742
39.177,1.98664988179,-0.0925179465511,0.0105089783815
39.194,1.98183348279,-0.091416429141,0.00927061981339
39.216,1.97642434033,-0.0912801998323,0.00835420645228
39.23,1.97170179418,-0.0910498373362,0.00700911596944
39.244,1.96677308303,-0.0910008338243,0.00599593225949
39.26,1.9612840395,-0.0908765884329,0.00435459269144
39.277,1.95499579147,-0.0912155912074,0.00322957584374
39.294,1.94961201183,-0.0911871409491,0.00207353465265
39.311,1.94392600396,-0.091170737611,0.00101962534121
39.327,1.93773288929,-0.0912781137076,0.000287667931292
39.344,1.93164568011,-0.0907323960552,-0.000704224422673
39.361,1.925362084,-0.0907511865834,-0.00241460622667
39.377,1.91879876925,-0.0903451826497,-0.00390520417787
39.394,1.91195197417,-0.0900977631854,-0.00497070980363
39.411,1.90382569467,-0.0901014794594,-0.00584454201547
39.427,1.89685609152,-0.0897557531684,-0.00677079625175
39.444,1.88966336227,-0.089451261214,-0.0077746221353
39.461,1.88218510719,-0.0893654526719,-0.00823163545762
39.477,1.87437419084,-0.0892712091354,-0.00940821862941
39.494,1.86674513892,-0.0886361296268,-0.0106550119922
39.511,1.85947189697,-0.0884640309846,-0.0123455290815
39.528,1.85109744515,-0.0888349193883,-0.014370554799
39.544,1.84341291248,-0.0897397979144,-0.0166089774905
39.561,1.83625967445,-0.0900452954169,-0.0188796451397
39.578,1.82890876329,-0.0903242852826,-0.0209345820196
39.594,1.82242727712,-0.0905734167804,-0.0233926263415
39.613,1.81551520035,-0.0920332849946,-0.0258245593428
39.628,1.80896022496,-0.0932133931075,-0.0290137474178
39.644,1.80285941149,-0.0930907691891,-0.0311846849519
39.661,1.79755497941,-0.0930651753831,-0.0327308701261
39.678,1.79222997557,-0.0930594633662,-0.0336933523228
39.695,1.78759582388,-0.0935330807849,-0.0360698100249
39.712,1.78351335025,-0.0934509499434,-0.0388779709729
39.728,1.77869584662,-0.0928629602682,-0.0406239924886
39.745,1.77501843958,-0.0925233168799,-0.0423614914009
39.762,1.77120952864,-0.0924985800832,-0.0430966749797
39.778,1.76776225298,-0.0923086404871,-0.0440762004421
39.795,1.76498341344,-0.0917260451456,-0.0442073149285
39.812,1.7613829441,-0.0917303175069,-0.0448471385591
39.828,1.75709621922,-0.091717703401,-0.0458858552395
39.845,1.75384823344,-0.0912659631722,-0.0464503219539
39.862,1.75114673861,-0.0913540952988,-0.0470526214174
39.878,1.74786358058,-0.0920000342859,-0.0470902959568
39.896,1.7445577082,-0.0918058115458,-0.0476348030767
39.912,1.74099221363,-0.0918608919994,-0.0472679980721
39.929,1.73713993648,-0.0916381543766,-0.0469833656126
39.945,1.73298120754,-0.0926171893211,-0.0469877308517
39.962,1.72718847729,-0.0935113194677,-0.0477638949212
39.979,1.71897773716,-0.0932896060955,-0.0478522357223
39.995,1.70916626725,-0.0928714468976,-0.0474132978805
40.012,1.69583740228,-0.092550797797,-0.0464518067228
40.029,1.67968081134,-0.0922196560479,-0.0452041208407
40.047,1.66010008946,-0.0914546274273,-0.0425814433782
40.062,1.63927359937,-0.0916898768381,-0.0390538647172
40.079,1.61502601389,-0.09336522566,-0.03712645319
40.096,1.58714569154,-0.0950469988732,-0.0357253491818
40.112,1.55444993797,-0.095895059018,-0.0320713798054
40.129,1.52112547994,-0.0965393770977,-0.0275319727248
40.146,1.4865169503,-0.0975832126183,-0.0238096134224
40.163,1.45036860596,-0.0983695353819,-0.0222908708254
40.18,1.41082076938,-0.0998301735672,-0.0203173194603
40.197,1.36938068772,-0.102078358617,-0.0179040945531
40.213,1.32673131539,-0.105810839319,-0.0171945139186
40.229,1.2824116435,-0.108596185356,-0.0161488920244
40.246,1.2407713423,-0.109542606509,-0.0136522040878
40.263,1.19933206006,-0.111070505901,-0.0100106775112
40.281,1.15788461018,-0.112114605518,-0.00828415148052
40.296,1.1151730871,-0.113269284192,-0.00739962582946
40.313,1.07117756899,-0.113615768009,-0.00698556597994
40.329,1.02795173378,-0.114090865171,-0.00688702096979
40.346,0.983689439578,-0.114385210294,-0.00664148522785
40.363,0.939205473599,-0.114564167221,-0.00618848681896
40.38,0.894442662653,-0.113911304245,-0.00577567893631
40.396,0.850058808773,-0.114406983869,-0.00393798612802
40.413,0.80532036816,-0.115106347826,-0.00148719921514
40.43,0.759122182918,-0.11520672456,0.00230338844959
40.447,0.711740186868,-0.114795580568,0.00627742683403
40.463,0.663450557563,-0.115690691115,0.0108280458571
40.481,0.616133597808,-0.117740126696,0.0136976042663
40.497,0.567890757487,-0.120115876727,0.0151898224382
40.513,0.520013403435,-0.12103985431,0.01613506583
40.531,0.47161687565,-0.122018223841,0.0191265164297
40.547,0.42567827871,-0.123152986742,0.0218329537743
40.563,0.38022730958,-0.124131464851,0.0238506949272
40.581,0.336653225352,-0.124751766896,0.0249134367241
40.597,0.295443534931,-0.125615762977,0.0263418982729
40.615,0.256949962872,-0.127123309832,0.0279367015927
40.631,0.22000578826,-0.128010587576,0.0294308140361
40.647,0.18486450464,-0.128734789834,0.0309344801054
40.664,0.150644770713,-0.129286615035,0.0314890500983
40.68,0.118441974063,-0.129831981471,0.0318423626723
40.697,0.0883161200781,-0.129998170459,0.0325642372577
40.714,0.059381311473,-0.130204562095,0.0332685364207
40.73,0.0311771877851,-0.129774697746,0.033629359461
40.747,0.00396122335605,-0.130114512905,0.0347859432086
40.764,-0.0215172430141,-0.131181937782,0.0347464416042
40.781,-0.0463558456423,-0.13183675273,0.0355914608526
40.797,-0.0698150421793,-0.132043977751,0.0371758836072
40.814,-0.0922785382174,-0.131381713583,0.0392410275819
40.832,-0.113331038168,-0.130156896819,0.0418332335603
40.847,-0.133225041972,-0.129771488246,0.0436638775301
40.864,-0.152896723026,-0.129726256114,0.0453596875053
40.881,-0.170812643613,-0.130277766379,0.0466187583478
40.898,-0.188693554905,-0.13102625377,0.0471782725162
40.914,-0.206252690514,-0.130604127465,0.0487887917565
40.931,-0.22269738782,-0.129419113921,0.0504590127148
40.948,-0.238711525637,-0.127462827211,0.0524971240817
40.964,-0.254918138831,-0.126571034024,0.0542891224444
40.982,-0.270571962257,-0.126837864612,0.0557323851459
40.998,-0.2860823532,-0.128787052729,0.05718393028
41.014,-0.301706387593,-0.130952056851,0.0577292609192
41.031,-0.316169355122,-0.132391318692,0.0589080538624
41.048,-0.330113776366,-0.133424616126,0.0596409713274
41.065,-0.343972993757,-0.133741988172,0.0601784931107
41.082,-0.357295769335,-0.133466523773,0.0595964756106
41.098,-0.37139017934,-0.132445000992,0.060032624102
41.115,-0.385968934178,-0.131855760521,0.06073860636
41.133,-0.400375810681,-0.13272036866,0.0610442864951
41.148,-0.415250587527,-0.132851337955,0.0608787559169
41.165,-0.431020217875,-0.131714698234,0.0605020674331
41.182,-0.447144681451,-0.130969032999,0.0601514045818
41.199,-0.463263481148,-0.131093990095,0.0590506699664
41.215,-0.479135624709,-0.131961034064,0.0585540860993
41.232,-0.495082206961,-0.13245259557,0.0585865675287
41.248,-0.51184535961,-0.132294551526,0.0589486790049
41.265,-0.528171010314,-0.131074003425,0.0592475914094
41.282,-0.546054177656,-0.129661996873,0.0585194348519
41.299,-0.563475431635,-0.127970634201,0.057687159138
41.316,-0.581497144045,-0.126621809953,0.0573235461846
41.333,-0.599974018501,-0.126486407702,0.0568790257586
41.349,-0.618496632617,-0.127029992745,0.0570554221412
41.365,-0.636785632973,-0.128179072199,0.0572543529086
41.382,-0.655938467985,-0.128747082327,0.0569100483509
41.399,-0.675750176463,-0.12895049019,0.0569193886258
41.415,-0.695352199603,-0.128883396433,0.0565304750582
41.432,-0.715584265451,-0.128181051348,0.0560480532773
41.45,-0.735940174827,-0.127375486624,0.0554413271107
41.466,-0.75621432758,-0.12649790637,0.054676922752
41.482,-0.777304126127,-0.125552201152,0.0548863608766
41.5,-0.797507418523,-0.12523082552,0.0546234965131
41.516,-0.817856523875,-0.12571847923,0.0545642351438
41.534,-0.837474206143,-0.126081407518,0.0547909153127
41.549,-0.858060861571,-0.125915666931,0.0557577935189
41.567,-0.878498389689,-0.125527315383,0.0567386882232
41.583,-0.899024938151,-0.124598924544,0.0575570144472
41.599,-0.920971073722,-0.123718061156,0.0586389516178
41.617,-0.942313830392,-0.123165783082,0.0581942257612
41.633,-0.964476662626,-0.123654764656,0.0575991029152
41.649,-0.986380008969,-0.125618670719,0.0572127481827
41.666,-1.00890986495,-0.129273876816,0.0567907688285
41.683,-1.03036576389,-0.132740068863,0.0568315788163
41.7,-1.05216997988,-0.135561734311,0.0576925381132
41.717,-1.07336302149,-0.136678985268,0.0581820360142
41.733,-1.09401437424,-0.137387225538,0.0582300507243
41.75,-1.11444523316,-0.13706206031,0.0580680501636
41.767,-1.13435985746,-0.137099070436,0.0569781938246
41.783,-1.15297387128,-0.137563892553,0.0561996746871
41.8,-1.17125717197,-0.138377213823,0.0549379625377
41.816,-1.18856203484,-0.1388485377,0.0537024527109
41.833,-1.2051840996,-0.138771184912,0.0520046700705
41.85,-1.22117450359,-0.138116368328,0.0503057781293
41.867,-1.23557647934,-0.137113286484,0.049618696438
41.883,-1.25012654892,-0.135629243336,0.0484689821376
41.9,-1.26401494547,-0.134308300934,0.0478648991448
41.917,-1.27661480485,-0.133052119506,0.0476192165588
41.933,-1.28874391457,-0.131276021244,0.0474788647436
41.95,-1.30032681325,-0.129888300073,0.0473095022529
41.967,-1.31200539069,-0.12966010364,0.0472375175689
41.983,-1.32302747867,-0.130507594256,0.0471899644603
42.0,-1.33337870627,-0.131552620828,0.0471706233339
42.017,-1.3432379749,-0.131712536893,0.0470884181204
42.034,-1.35316904354,-0.130031698198,0.0456888628262
42.05,-1.36381436559,-0.12817006959,0.0438371013114
42.067,-1.37454002717,-0.126596801471,0.042096374286
42.084,-1.38566442149,-0.125874298403,0.0416150817334
42.101,-1.39644832963,-0.126714065747,0.042277105592
42.117,-1.40711526029,-0.128874804448,0.0432168429745
42.134,-1.41806784747,-0.131359016271,0.0447479609726
42.151,-1.42911858282,-0.131268823636,0.0457328376546
42.167,-1.4403975398,-0.129958501806,0.046490387054
42.184,-1.45199120677,-0.128642056014,0.0471607663334
42.201,-1.46234163592,-0.127462211456,0.0469299424592
42.217,-1.47220040924,-0.127298950565,0.0463900636808
42.234,-1.48194737284,-0.127608665541,0.0454546075939
42.251,-1.49086202326,-0.128318723765,0.0440841208681
42.267,-1.49939299165,-0.128667378333,0.042937896184
42.284,-1.50701695434,-0.12895676283,0.0417675532282
42.301,-1.51405458393,-0.128353887323,0.0400182955217
42.318,-1.521310434,-0.127701425071,0.0379632997901
42.334,-1.52857064931,-0.126874329605,0.0368137613548
42.351,-1.53486240541,-0.126777625916,0.0360515980728
42.368,-1.54083768424,-0.127872580998,0.0351394069137
42.384,-1.54785249026,-0.129015808656,0.0346993692606
42.401,-1.55360485253,-0.130914605666,0.0342508825841
42.418,-1.55911935791,-0.132353062047,0.0342289766325
42.435,-1.56473526807,-0.133414701816,0.0342501475334
42.451,-1.56957918145,-0.134083171796,0.0340403137697
42.468,-1.57480963672,-0.134661778015,0.0339861707664
42.485,-1.57991413366,-0.136116340418,0.0350804393645
42.501,-1.58438226403,-0.137333238994,0.0361235392271
42.518,-1.58865571191,-0.137191006644,0.0368241091247
42.535,-1.59397324379,-0.13685726179,0.0371080843123
42.552,-1.59929205107,-0.136555981058,0.0362251309855
42.568,-1.60576244346,-0.136928304851,0.0347907269067
42.585,-1.61293013111,-0.137869074921,0.0335512111655
42.602,-1.62027166986,-0.138291671864,0.0335270825383
42.62,-1.62849882275,-0.137700952163,0.0333221005543
42.635,-1.63709752576,-0.13704840195,0.0326670869487
42.652,-1.64557768822,-0.136134965778,0.0318014257728
42.67,-1.65453209121,-0.135531375388,0.0308474523847
42.685,-1.66400237162,-0.134367328761,0.0297153102532
42.702,-1.67263687237,-0.133283023684,0.0289275037838
42.72,-1.68140998247,-0.132210561008,0.0282365596447
42.735,-1.68951039709,-0.131099424628,0.0284012202334
42.753,-1.69686743653,-0.130979229813,0.0279318657996
42.769,-1.70457630816,-0.131102716013,0.0277949698209
42.785,-1.71165390777,-0.131082554924,0.0271202957328
42.802,-1.71851067513,-0.132350649951,0.0265159461349
42.819,-1.72525442363,-0.133712061583,0.0259208737152
42.836,-1.73195879422,-0.133707700234,0.0249270166722
42.852,-1.73824982557,-0.133750224003,0.0245574563697
42.869,-1.74464473471,-0.13358213232,0.0238765053438
42.886,-1.75161693461,-0.135048017483,0.0235500650148
42.902,-1.75823434124,-0.136815482215,0.0230785715673
42.919,-1.76506792414,-0.137795994758,0.0239351285794
42.936,-1.77191425642,-0.13634677865,0.0254402423414
42.954,-1.77885978317,-0.13299972892,0.0270447626157
42.969,-1.78552459947,-0.127571095531,0.0283141098585
42.986,-1.79198957191,-0.122465206528,0.029467183114
43.003,-1.79805602064,-0.116833152997,0.0310391827887
43.019,-1.80362851511,-0.112743318294,0.0314841826833
43.036,-1.80831423249,-0.111556438297,0.0302385748488
43.053,-1.81405831133,-0.112346628673,0.0294407707892
43.072,-1.81978043935,-0.115197235523,0.0282557964078
43.091,-1.82555913092,-0.118417418086,0.0270233661406
43.105,-1.83167620357,-0.121409974813,0.0262076901402
43.12,-1.83810458709,-0.125718968672,0.0249349221242
43.137,-1.84532067102,-0.131177380745,0.0229295477881
43.153,-1.85341723671,-0.137933328278,0.0209060469098
43.17,-1.86189646498,-0.145071627082,0.0197830839729
43.186,-1.87156502067,-0.15229737922,0.0184548374259
43.203,-1.88154333141,-0.156899479755,0.0172567045893
43.221,-1.89244739199,-0.159170017677,0.0162551992966
43.236,-1.90358683111,-0.161184015851,0.015845361417
43.253,-1.91542005602,-0.16224181781,0.0162619992
43.27,-1.92702400488,-0.161434688628,0.0180286159618
43.287,-1.93846092028,-0.158799774979,0.0197441863209
43.303,-1.94964835873,-0.154857571778,0.019987013459
43.32,-1.96112718019,-0.152492658259,0.0204279784574
43.337,-1.97227646642,-0.153172392069,0.0204861219206
43.353,-1.98371604324,-0.15683803878,0.0207714906031
43.372,-1.99547123287,-0.160651817638,0.0214111226496
43.387,-2.00618308355,-0.162498034585,0.0210914716709
43.403,-2.01797306655,-0.162782773353,0.0210000819097
43.42,-2.02970280093,-0.162074332842,0.0206378471742
43.437,-2.04220716578,-0.161446938557,0.0209158805174
43.454,-2.05533108499,-0.162035282355,0.0217325079576
43.47,-2.06869677415,-0.16328994965,0.0225889716601
43.487,-2.08264010509,-0.164108895279,0.022840230978
43.504,-2.09818227517,-0.164225082029,0.0227446863242
43.52,-2.11484657186,-0.163000428246,0.0219917905039
43.538,-2.13434071793,-0.161641744154,0.0230951013301
43.554,-2.15508219222,-0.160611115518,0.0250486523754
43.571,-2.17706968755,-0.160493437843,0.0276339308552
43.587,-2.19819384633,-0.16051691324,0.029259086642
43.604,-2.22107426785,-0.160340604316,0.0306290121535
43.623,-2.2436436335,-0.159922097887,0.0322214261824
43.637,-2.26530273499,-0.159753536534,0.0338691887105
43.654,-2.28744805044,-0.159776324587,0.03561190996
43.672,-2.30819268031,-0.159918994265,0.0378934670863
43.687,-2.32912545409,-0.160733881859,0.0398066435837
43.705,-2.34927464976,-0.161603453834,0.0425927900374
43.721,-2.36933131876,-0.162113657711,0.0451396027182
43.738,-2.38918355159,-0.162869579166,0.0477033287866
43.754,-2.40859507736,-0.163445945721,0.0503895137022
43.771,-2.42817872348,-0.163183858924,0.0535277018536
43.788,-2.44701855591,-0.162699288092,0.0559856972786
43.804,-2.46459595638,-0.161878652557,0.0581065467988
43.821,-2.48199178412,-0.160707293737,0.0609776039418
43.838,-2.49881388142,-0.159835000016,0.0631604989256
43.855,-2.51506932791,-0.158905654646,0.0662350339948
43.871,-2.52983637316,-0.158424059197,0.0682500863202
43.888,-2.54490302057,-0.157495489141,0.0709914797376
43.905,-2.55928854057,-0.155570894913,0.0740471921841
43.923,-2.57245828433,-0.154381921867,0.0770885026554
43.938,-2.58566246271,-0.153231861181,0.0799863718149
43.955,-2.5977539248,-0.152293259577,0.0823301838088
43.972,-2.61104505388,-0.151330369271,0.0843832406836
43.988,-2.62288111701,-0.150356490473,0.0861353398513
44.005,-2.63546789305,-0.149592848792,0.0882574575185
44.022,-2.64781207609,-0.148450056133,0.090135871995
44.038,-2.66076689545,-0.146414753455,0.091359325311
44.055,-2.67283296655,-0.14514591459,0.0925048109529
44.072,-2.68650632955,-0.144854692221,0.094845573963
44.088,-2.70067097391,-0.145575918143,0.0968870665896
44.105,-2.71503989305,-0.146479085053,0.0994332212366
44.122,-2.73047855539,-0.147142373433,0.101861626741
44.139,-2.74587941961,-0.148274299034,0.103388289888
44.155,-2.76088742004,-0.148422034031,0.104154727257
44.172,-2.77506354289,-0.14809973419,0.105366575272
44.189,-2.78879722564,-0.147605988433,0.107303839666
44.205,-2.80220664312,-0.147120342908,0.110328109362
44.222,-2.81492617548,-0.14679374276,0.112442845504
44.239,-2.82653884735,-0.14730201075,0.113482676544
44.255,-2.83731870936,-0.147686488689,0.115064707525
44.272,-2.84746176984,-0.148224490796,0.116549813076
44.289,-2.85667142178,-0.148222527266,0.117545956337
44.306,-2.86463036561,-0.149082958832,0.118113238389
44.322,-2.8730336379,-0.149491426741,0.118447081008
44.339,-2.87980690153,-0.150203731575,0.118592608749
44.356,-2.88643112228,-0.151156148296,0.118093413632
44.372,-2.89228177718,-0.151717271214,0.117624385763
44.389,-2.89740300327,-0.152159614211,0.117461035192
44.406,-2.90225278183,-0.152330664334,0.116923652623
44.423,-2.90615113914,-0.153160469085,0.11626693658
44.439,-2.91037673826,-0.154527380145,0.115762742562
44.457,-2.91379992719,-0.155673372181,0.115014991956
44.473,-2.91679947611,-0.156945440884,0.114852010925
44.49,-2.91918659584,-0.158328493703,0.114138470248
44.506,-2.92090667657,-0.159650110187,0.113563108059
44.523,-2.92204686028,-0.160801564387,0.11240247002
44.541,-2.92276979875,-0.162092488727,0.111543208526
44.556,-2.92272462563,-0.162736894227,0.110764460188
44.574,-2.92280783386,-0.163685615495,0.109667621621
44.59,-2.92221362628,-0.16388402683,0.108716742899
44.606,-2.92123748468,-0.163301596997,0.107337479723
44.624,-2.91951684362,-0.162623040956,0.105829367877
44.64,-2.91638550746,-0.161804238654,0.104522110197
44.656,-2.91083632987,-0.161645632846,0.103700277142
44.673,-2.90529660129,-0.161565300049,0.10359345782
44.691,-2.89967073611,-0.161683518893,0.103565890804
44.707,-2.89290239643,-0.161963029698,0.103350925147
44.723,-2.88552351796,-0.162386476713,0.102325197905
44.74,-2.87723937274,-0.162119509724,0.101452866965
44.757,-2.86770366101,-0.161372786242,0.100723435086
44.773,-2.85770665571,-0.159484582706,0.0985841913125
44.79,-2.846594323,-0.156120319661,0.0962515841356
44.807,-2.83592130395,-0.150319632049,0.094274471217
44.824,-2.82683023377,-0.144954489366,0.0941109679668
44.841,-2.81833769703,-0.142360736544,0.0953870231432
44.857,-2.80918651801,-0.139971999958,0.0959079765013
44.874,-2.80031094168,-0.136985951211,0.0951187714807
44.891,-2.7912658065,-0.133294005834,0.0946887088872
44.907,-2.78335010924,-0.130374984341,0.0946815355243
44.924,-2.77574462714,-0.128871827319,0.0950366670797
44.941,-2.76744545058,-0.127642826778,0.0949995826339
44.957,-2.7593975725,-0.127128708457,0.0949304713181
44.974,-2.75110568232,-0.126161184716,0.094022803309
44.991,-2.74361106635,-0.1257695536,0.0934312121143
45.008,-2.73605948638,-0.126219792917,0.093235288994
45.024,-2.72860030905,-0.127260558768,0.0925614825706
45.041,-2.72122039466,-0.128510290531,0.0919594562825
45.057,-2.71356737996,-0.129438872426,0.0905211117773
45.074,-2.70647760869,-0.129945593282,0.0897787000519
45.092,-2.69926207579,-0.131543575194,0.0893636480298
45.108,-2.69155100476,-0.13322910489,0.0883893247485
45.124,-2.68358815704,-0.134458318169,0.0876433969219
45.141,-2.67592980535,-0.135812221147,0.0871800756049
45.158,-2.66716169187,-0.138183255335,0.0870126916021
45.175,-2.65734270143,-0.141008674427,0.0863184817372
45.191,-2.64725329943,-0.142922930414,0.0863901758837
45.208,-2.63629996396,-0.144379988261,0.0864511383186
45.224,-2.62494510344,-0.146788118271,0.0870980534843
45.243,-2.61199822275,-0.149616886027,0.0867252724862
45.258,-2.59820285141,-0.151653608324,0.0859106249835
45.275,-2.58399687207,-0.152325547646,0.0848724505518
45.291,-2.56974374237,-0.153608900568,0.0840794007254
45.308,-2.55534576748,-0.156023385574,0.0826149308725
45.325,-2.54052606335,-0.1596297957,0.0815154935947
45.341,-2.52400231658,-0.16276838291,0.0796808647697
45.358,-2.50802498505,-0.164120100986,0.0766608344714
45.376,-2.49225187823,-0.165200557495,0.0738522928395
45.392,-2.4767559755,-0.166906721966,0.071811494145
45.408,-2.45998224627,-0.169380471757,0.0698309028275
45.425,-2.44330941283,-0.171515239756,0.0688233711123
45.442,-2.4267601435,-0.172941150283,0.067248221084
45.458,-2.4104430119,-0.175019191113,0.0655512967487
45.475,-2.39383081026,-0.177098717463,0.0634453782743
45.492,-2.37837849474,-0.178047202921,0.0619491918362
45.508,-2.36315102811,-0.177722099838,0.0602654009991
45.525,-2.34934561004,-0.177544724592,0.0591482224418
45.542,-2.33474915336,-0.179197257376,0.0583696546608
45.559,-2.32083965288,-0.181188169045,0.0570047517127
45.575,-2.30646522979,-0.182520234848,0.0554659070385
45.592,-2.29287571863,-0.183145823852,0.0541332052278
45.609,-2.27996609434,-0.1823030687,0.0525559262252
45.627,-2.26731140413,-0.182240230837,0.0501216657273
45.642,-2.25429512564,-0.182439078081,0.0477267597224
45.659,-2.24101340148,-0.182643809608,0.0460284824311
45.677,-2.22800637494,-0.18188002593,0.0441560043271
45.692,-2.21536054233,-0.179900579389,0.0425936170221
45.709,-2.20266361382,-0.178252531487,0.041662807373
45.726,-2.19016896767,-0.176913788717,0.0405371022147
45.742,-2.17746023353,-0.175224322713,0.0393999259446
45.759,-2.16494163404,-0.174378069285,0.0386397246428
45.776,-2.151339783,-0.17371686922,0.0372826096346
45.792,-2.13756256795,-0.172659851266,0.0364366999827
45.809,-2.12414019726,-0.171278574329,0.0347913855777
45.826,-2.11013156119,-0.169357398814,0.0340039793559
45.843,-2.09622020621,-0.16770594223,0.0332839389716
45.859,-2.08231682195,-0.166564795326,0.0322201961996
45.876,-2.06790620644,-0.165713223392,0.0317718325452
45.893,-2.05204324209,-0.164713814583,0.0307301166636
45.909,-2.03492199834,-0.163640980803,0.029986721447
45.926,-2.01796746799,-0.163420376113,0.0297343017357
45.943,-1.9985820482,-0.164086404421,0.0293439769711
45.961,-1.97741826595,-0.165950734604,0.0287688049841
45.976,-1.95524865265,-0.16744669195,0.027765078651
45.993,-1.93146195687,-0.168309652933,0.0264738801839
46.01,-1.90728130445,-0.169553416301,0.0257649991153
46.026,-1.88258489127,-0.170894611545,0.023652110426
46.044,-1.85797563471,-0.17181288399,0.0212711425225
46.06,-1.83287407197,-0.17247933439,0.0195342343209
46.076,-1.80613819766,-0.173430657886,0.018206259917
46.093,-1.77929891292,-0.174410840485,0.016838635378
46.11,-1.75180901046,-0.176193808542,0.0156521330993
46.127,-1.72224912267,-0.178510763742,0.0136962248305
46.143,-1.69201796337,-0.179639658522,0.0114525024833
46.16,-1.66089039949,-0.179810153582,0.0077440623295
46.177,-1.62879608509,-0.179365871554,0.00290055134776
46.193,-1.59671310093,-0.179281386235,-0.00178347173756
46.211,-1.56331820732,-0.179839352351,-0.00632782567606
46.227,-1.5299902334,-0.180950173344,-0.0113597244332
46.244,-1.49750415529,-0.181629586149,-0.0160044967538
46.26,-1.466498606,-0.181235411146,-0.0196507330905
46.277,-1.43530572277,-0.181263335529,-0.02267713486
46.294,-1.40481226953,-0.181754229191,-0.0257902957239
46.31,-1.37489264312,-0.18244541194,-0.0286253278216
46.327,-1.34624672557,-0.183368397183,-0.031391323918
46.344,-1.31854377648,-0.183999347315,-0.0334645579226
46.361,-1.29140866169,-0.184967471959,-0.0350190044913
46.377,-1.26538340145,-0.185910610287,-0.0370254638297
46.394,-1.24028693139,-0.186206737845,-0.0402434094791
46.411,-1.21743661742,-0.186654195422,-0.0423814582463
46.427,-1.19494528429,-0.185845912198,-0.0440323938768
46.446,-1.17187695207,-0.184085546797,-0.0451935620628
46.467,-1.14969333696,-0.183695038821,-0.0459420425034
46.48,-1.12784079602,-0.183958038165,-0.0469623967385
46.495,-1.10640854293,-0.184126782428,-0.048953288744
46.512,-1.08610180119,-0.184766150042,-0.0497017971277
46.528,-1.0663246071,-0.184576273571,-0.0511271618096
46.544,-1.04708445168,-0.184972360631,-0.0533729876415
46.561,-1.02998555224,-0.186002444441,-0.0556383342753
46.578,-1.01245923858,-0.186913012573,-0.0568225755895
46.594,-0.996464185863,-0.187720159015,-0.0577715587838
46.611,-0.981354892961,-0.187531355284,-0.0582555979773
46.629,-0.966690230914,-0.187266360538,-0.0581785520988
46.644,-0.952770173477,-0.187302647755,-0.058941881724
46.661,-0.93988342216,-0.18709565577,-0.0594572693071
46.678,-0.927865930039,-0.187097966883,-0.0597674132169
46.695,-0.916129453244,-0.187207338795,-0.0607700219585
46.713,-0.905887825579,-0.187307354518,-0.0613560753789
46.728,-0.895184823765,-0.187735110561,-0.0622145782602
46.745,-0.885385205151,-0.188550808248,-0.0630068137792
46.761,-0.8760465946,-0.188915874493,-0.0630179021758
46.778,-0.867388306934,-0.18909038874,-0.0635659593777
46.795,-0.858898686557,-0.189170836134,-0.0635852256181
46.813,-0.850844285518,-0.190543698963,-0.0649229189559
46.828,-0.843093191586,-0.191811203357,-0.0667217082492
46.845,-0.835469987891,-0.192557527971,-0.0683648762816
46.862,-0.828450359521,-0.192884853067,-0.0684174188745
46.878,-0.821211927965,-0.19371794411,-0.0690778023825
46.895,-0.814380845119,-0.195820063089,-0.0704241059448
46.912,-0.807945782342,-0.198074132415,-0.0712559032888
46.929,-0.801453388485,-0.19903402398,-0.0727774035682
46.945,-0.794657136832,-0.199741686233,-0.0735777418629
46.962,-0.788584125575,-0.200486774564,-0.0742240183292
46.979,-0.781648952851,-0.202673013374,-0.0753460094617
46.995,-0.775099959202,-0.204778829275,-0.0760888309129
47.012,-0.767968475461,-0.205819811458,-0.0763468331587
47.029,-0.760468587315,-0.206602522682,-0.0762355703155
47.046,-0.752300811869,-0.207896123281,-0.0761609436992
47.062,-0.743912399133,-0.209252111131,-0.0765470422913
47.079,-0.736126234949,-0.210711063855,-0.0763943538913
47.096,-0.726878422906,-0.210699482313,-0.0755397491707
47.112,-0.718368684892,-0.21035464696,-0.0746142288405
47.129,-0.70899367212,-0.209999756852,-0.0733541930115
47.146,-0.698899392163,-0.209862324034,-0.0727067475833
47.162,-0.688736062208,-0.209570828023,-0.07205319354
47.18,-0.677790184153,-0.209436312586,-0.0709199996069
47.196,-0.666822590525,-0.208307218514,-0.0699444862914
47.212,-0.65561153734,-0.207281035665,-0.0692965268799
47.229,-0.643263957899,-0.207093574096,-0.0688525396834
47.246,-0.631448066963,-0.20737758078,-0.0681407000525
47.263,-0.61932973235,-0.207013311499,-0.0671368601607
47.279,-0.60795918014,-0.206020035327,-0.0658249196344
47.296,-0.595467149356,-0.204462697591,-0.065048347827
47.313,-0.583862226695,-0.202733886599,-0.0640047548832
47.329,-0.571696160006,-0.200705473032,-0.0627568890772
47.346,-0.560757657473,-0.197963431405,-0.0614073406676
47.363,-0.549479969347,-0.195044800567,-0.0598109198686
47.381,-0.538699386286,-0.191786210767,-0.0583394368812
47.396,-0.527859978859,-0.188832346939,-0.056921783897
47.413,-0.516783094912,-0.18637967488,-0.0558649625519
47.43,-0.506974678636,-0.184033768824,-0.054726143007
47.447,-0.497562349354,-0.181377965548,-0.0534795005994
47.463,-0.487836031261,-0.178733571399,-0.0529333653245
47.48,-0.478744795162,-0.176574138908,-0.0520816931941
47.498,-0.469412059633,-0.174077701194,-0.0513099961443
47.513,-0.460271206447,-0.17203322529,-0.0503287576859
47.53,-0.451570139197,-0.170108841795,-0.0496629777186
47.547,-0.442572560806,-0.168849547421,-0.0494690508676
47.563,-0.434288280184,-0.168108651147,-0.049121413234
47.581,-0.425490450785,-0.167080132303,-0.0492038524478
47.597,-0.416539761452,-0.165535311459,-0.0490225058132
47.613,-0.408434514453,-0.164114543327,-0.0483760755002
47.632,-0.400347502466,-0.163357746917,-0.0480233278897
47.647,-0.392484559651,-0.162919175826,-0.0475222025475
47.664,-0.384305439892,-0.162661272664,-0.0469479480876
47.68,-0.376930532676,-0.161594894821,-0.0456258958334
47.697,-0.368971172354,-0.159281408655,-0.0435587784204
47.714,-0.36156564959,-0.156299152177,-0.0410882947551
47.731,-0.352815479279,-0.152815772349,-0.038619840653
47.747,-0.343699559658,-0.15012760414,-0.0358410832995
47.764,-0.333970850656,-0.147474970546,-0.032571230287
47.781,-0.325253846327,-0.145236523918,-0.030009260049
47.797,-0.315896203777,-0.142709864401,-0.0264955439699
47.814,-0.306771726465,-0.140080010324,-0.0231392974445
47.831,-0.297009073647,-0.13713907898,-0.0193192673695
47.847,-0.28734026413,-0.135713889089,-0.0169275959847
47.864,-0.278428514017,-0.136356630813,-0.0166593660292
47.881,-0.270575366889,-0.137729644577,-0.0173001886837
47.897,-0.263301643569,-0.138424521727,-0.017165649523
47.914,-0.25590257829,-0.138054536996,-0.0171291057558
47.931,-0.249273991647,-0.137740826677,-0.0171221998094
47.948,-0.242475222984,-0.138610540012,-0.0187446987227
47.964,-0.235549499781,-0.138955380645,-0.0199327356535
47.981,-0.229296696184,-0.139043561277,-0.020422697771
47.998,-0.22204486901,-0.13891208633,-0.0202541450676
48.014,-0.214889381724,-0.138473219443,-0.0195948929505
48.031,-0.208544474737,-0.138466380362,-0.0189018683987
48.048,-0.200939983663,-0.136912072635,-0.0193416154879
48.064,-0.193207156119,-0.135008398575,-0.0196631461575
48.081,-0.185482333831,-0.132305511926,-0.0194412130585
48.098,-0.176780323102,-0.129232125154,-0.0190709688503
48.115,-0.168617089567,-0.127170573871,-0.0186367312819
48.132,-0.160419949045,-0.124997810613,-0.0178376782827
48.148,-0.152518159424,-0.123392730421,-0.0179076861823
48.165,-0.144800978544,-0.121893168114,-0.0180795812348
48.182,-0.136983592636,-0.120673681798,-0.0191866096811
48.198,-0.13026951945,-0.119101052792,-0.0193967143069
48.215,-0.123306071038,-0.117570084016,-0.019445176086
48.232,-0.116867746564,-0.115456664361,-0.0193527948249
48.248,-0.110582120907,-0.113469788623,-0.0201584247275
48.265,-0.105379628808,-0.111902294574,-0.020901898171
48.282,-0.10043093087,-0.110519252295,-0.022679406067
48.298,-0.0952024622357,-0.109484304092,-0.024027190341
48.315,-0.0906746806218,-0.108114334757,-0.0254567876048
48.332,-0.0856056048934,-0.106698172945,-0.0260867552087
48.349,-0.0805714121337,-0.10449951809,-0.0276325651544
48.365,-0.0750111999794,-0.100179676058,-0.0300754587147
48.382,-0.0691884303556,-0.0961821353333,-0.032853962588
48.399,-0.0633223382563,-0.0940789093782,-0.0356727217211
48.415,-0.056925566461,-0.0924465162303,-0.0385778757853
48.432,-0.0507393900073,-0.0911397828903,-0.0400345532356
48.45,-0.0447847547885,-0.0893664744333,-0.0403292783782
48.466,-0.0388376736596,-0.0881391867944,-0.0407016053974
48.482,-0.0334122888669,-0.0865720313045,-0.040807221115
48.499,-0.0278168431862,-0.0843495534354,-0.0417674988089
48.516,-0.0232961092269,-0.0825280594603,-0.040901544064
48.532,-0.0177179923755,-0.0810765847286,-0.0409460953354
48.549,-0.0124545648896,-0.0804140520662,-0.0394485482018
48.566,-0.00596443299562,-0.0789793168149,-0.0388913273844
48.582,0.000696403615744,-0.0771220844991,-0.038682013176
48.599,0.00800479880853,-0.0742958289198,-0.039639539757
48.616,0.0152189516926,-0.0710199679974,-0.0407459242263
48.634,0.0235450532743,-0.067400337951,-0.042557639738
48.649,0.0329063077104,-0.0644579200013,-0.043760273785
48.666,0.0420592261606,-0.0609983453355,-0.0452008747491
48.684,0.052271687415,-0.0577047717647,-0.0457160564064
48.701,0.0621108173705,-0.0544692906941,-0.0473355083322
48.718,0.0717800257547,-0.0528026744558,-0.0486050903723
48.737,0.0812399782054,-0.0518153734284,-0.0505493908246
48.751,0.0909806974506,-0.0513385290321,-0.0519081455137
48.767,0.100434112514,-0.0514026566299,-0.0525286459776
48.783,0.110290419405,-0.0517946164673,-0.0527877120755
48.8,0.119967954658,-0.0528434184501,-0.0531064694611
48.816,0.130037597213,-0.0538036620097,-0.0542089475458
48.833,0.139240911441,-0.0548496450712,-0.055159115233
48.85,0.149294722243,-0.0557601940779,-0.0561858009283
48.866,0.159003868224,-0.0581771941735,-0.0572566793284
48.883,0.168963439902,-0.0603265148332,-0.0578080072308
48.9,0.17921397027,-0.0622876411961,-0.0586949387698
48.916,0.189468266072,-0.0630397165436,-0.0590380995184
48.933,0.200028874719,-0.0634366671902,-0.0590915379331
48.95,0.211493606174,-0.063833678814,-0.0592470596485
48.967,0.221616326456,-0.0646828937546,-0.0594624485423
48.983,0.232942394584,-0.0655466888925,-0.0598485108218
49.001,0.24411444019,-0.0659903318785,-0.0595172478401
49.017,0.255922336114,-0.0660544123297,-0.0590353723875
49.034,0.267818202306,-0.0664903071134,-0.0587884082758
49.051,0.279611251433,-0.0667819211522,-0.0594092841845
49.067,0.291648797917,-0.0675132947381,-0.0594005471781
49.084,0.303604222619,-0.0674775907619,-0.060307797235
49.1,0.315000765204,-0.0674908952255,-0.061096933534
49.117,0.32695281261,-0.067138891308,-0.0621222216069
49.134,0.338923518092,-0.0656801690938,-0.0634565992918
49.152,0.35084690919,-0.0637542624696,-0.0646873097247
49.167,0.362573264448,-0.0621405883967,-0.0660758375506
49.184,0.373895296845,-0.0606469779665,-0.0683177393636
49.201,0.385527588638,-0.0597061457263,-0.0696498217184
49.218,0.39632539072,-0.059476698527,-0.0711824499738
49.234,0.407298577036,-0.0598172411738,-0.0719577648162
49.252,0.418680627573,-0.0596071113912,-0.0713980457095
49.267,0.4309299233,-0.0582955826848,-0.070200716472
49.284,0.443118276236,-0.0565552742039,-0.0678654343045
49.301,0.456592560102,-0.0555981782802,-0.0656644786495
49.317,0.469959163041,-0.0551513921664,-0.063845034921
49.334,0.483637130675,-0.0541681954876,-0.0626960499092
49.351,0.498348930992,-0.0526405099784,-0.0614122985883
49.368,0.512969656581,-0.0502366002191,-0.0605924781805
49.384,0.527732790475,-0.0479989895329,-0.0592434519115
49.401,0.543328223945,-0.0460357193642,-0.0579463943427
49.418,0.558845262874,-0.0431005987085,-0.0559386702785
49.435,0.574224819183,-0.0408635466361,-0.0542028210472
49.452,0.589728337071,-0.0403665460257,-0.0513247265258
49.468,0.605142323349,-0.0401819176908,-0.0486215520735
49.484,0.620696403758,-0.0396588901818,-0.0464658464691
49.501,0.635509077589,-0.0396234448556,-0.0435326357023
49.518,0.650559582584,-0.0398402542033,-0.0406693662855
49.535,0.665574373335,-0.0405017932501,-0.0371577546941
49.552,0.681329682163,-0.0415613683898,-0.0347816343816
49.568,0.695384669514,-0.0429874076412,-0.032278662221
49.585,0.709300817044,-0.0446477427017,-0.0302994616296
49.602,0.722112235619,-0.0452209513337,-0.0289234074184
49.618,0.734507658764,-0.0466509678379,-0.0277034817131
49.636,0.746513004797,-0.0474729582609,-0.0267398833769
49.652,0.758279512397,-0.0481425202483,-0.0261902515041
49.668,0.769124773755,-0.0483994679584,-0.0260447321044
49.685,0.778782045409,-0.048807961701,-0.0257076944567
49.702,0.788355376939,-0.049683565065,-0.0260600319217
49.718,0.796907103878,-0.0498615718526,-0.0260026522434
49.735,0.805152504581,-0.0498627198234,-0.0257526370858
49.752,0.813195170144,-0.0493324007021,-0.0252017568308
49.769,0.819414423245,-0.0478305832899,-0.0244271441412
49.785,0.825744395968,-0.0443879805279,-0.0239726058682
49.802,0.831429581729,-0.039492669892,-0.0230825688474
49.819,0.835759331903,-0.0350966841524,-0.0220843796626
49.835,0.83959709072,-0.0294867620578,-0.0209357474086
49.852,0.841539269371,-0.0225925084931,-0.0190620441138
49.869,0.842956118595,-0.0147483123518,-0.0160966536799
49.886,0.842714299379,-0.00628578847503,-0.0129428130499
49.902,0.838997663937,0.00598416673909,-0.00960667355112
49.919,0.832249722619,0.021002992962,-0.00524401096387
49.936,0.823216470533,0.0350433697739,0.00025790521701
49.952,0.812761572799,0.0465185737869,0.00554685210884
49.969,0.802121233458,0.0590900110239,0.00957774119275
49.986,0.790667523909,0.0736166965799,0.0144641210521
50.002,0.778034166399,0.087801491916,0.0199492271399
50.02,0.763977211296,0.101819963366,0.025145766765
50.036,0.748487687535,0.11707887945,0.0291791895033
50.053,0.730994673491,0.133543305923,0.0338664815339
50.07,0.713671947813,0.149030280603,0.0385893997994
50.086,0.696160578974,0.1633726497,0.0413035751117
50.103,0.680008291886,0.178217988237,0.0427364503285
50.12,0.663009407454,0.193413876588,0.0439677564748
50.136,0.646474692328,0.208502919381,0.0439400217679
50.153,0.630301057521,0.221949771728,0.0426007831089
50.17,0.614657820453,0.235909911352,0.0406504738361
50.186,0.599429931644,0.249790331331,0.0386821338065
50.204,0.583621134558,0.262153801927,0.0360000540266
50.22,0.568808852701,0.272249532405,0.0326175699791
50.236,0.554760090714,0.280696406135,0.0287889647173
50.255,0.540522723622,0.288424542487,0.0248618748793
50.271,0.526214826541,0.295966906372,0.0225369413652
50.286,0.512135782184,0.30217594882,0.0206165132091
50.303,0.49909734013,0.307317707339,0.0178856586821
50.32,0.486246066031,0.311824597399,0.0144553752184
50.336,0.47419391338,0.315981333356,0.0107711499559
50.353,0.461711253783,0.318001728132,0.00654033575082
50.37,0.45125914667,0.319084689183,0.00153973271857
50.388,0.441274926195,0.319637087806,-0.00306295601404
50.403,0.432009493176,0.319806847968,-0.00701786580119
50.42,0.42338408537,0.319039579793,-0.0110406703167
50.437,0.416224940164,0.317348373964,-0.0141813286427
50.454,0.409648990456,0.314705975279,-0.0179418004431
50.47,0.403300858564,0.310778064361,-0.0205287097859
50.487,0.39737144397,0.306150840656,-0.0223396572566
50.504,0.39278622501,0.300986964149,-0.0234706410112
50.52,0.388762237819,0.296700816158,-0.0225477094925
50.537,0.385618449986,0.293518160475,-0.0201068167911
50.554,0.38228222041,0.290563998474,-0.0174414615518
50.57,0.379260034067,0.286926573879,-0.0154829265077
50.587,0.37604236232,0.282790856407,-0.0134909485151
50.604,0.372729955317,0.279321529662,-0.0105129799418
50.621,0.36872974264,0.277020429949,-0.00757349455062
50.639,0.365234083846,0.275139459779,-0.00373560510623
50.654,0.362400053546,0.272659589009,-0.000927708576612
50.671,0.360021268323,0.270523087995,0.00112298486535
50.687,0.357886488842,0.268608306681,0.0035974698968
50.704,0.355701457531,0.266406379028,0.00485286642167
50.721,0.354190346631,0.263998336098,0.00598677315675
50.737,0.353177565388,0.262871891964,0.00736883839992
50.754,0.35333867153,0.262112046727,0.00889334982428
50.772,0.353489673553,0.262418939355,0.00982560070718
50.79,0.353737447904,0.262333143431,0.0107901237972
50.804,0.35421254881,0.262293423251,0.0117517931163
50.821,0.355870150628,0.263519384195,0.0146860748736
50.838,0.357602134201,0.266091710043,0.0182339110442
50.855,0.359398557027,0.268097072585,0.0206876416584
50.871,0.360551751013,0.269655453817,0.022712987435
50.888,0.36208848466,0.272529742501,0.0251973319262
50.905,0.363311018435,0.276146114771,0.0276449733031
50.921,0.364968393082,0.280526404043,0.0311087046693
50.938,0.365933701699,0.28407153293,0.0339110934819
50.955,0.366847136623,0.287406709436,0.0368680766986
50.972,0.369073461422,0.291483233032,0.0401963872923
50.988,0.371812652662,0.295744894657,0.043869118137
51.005,0.37479209882,0.300182116898,0.0474552961293
51.022,0.378380240372,0.303820591408,0.0513554187668
51.038,0.382200665348,0.306530765025,0.0542246713895
51.055,0.386666750704,0.308365025772,0.0568844196601
51.072,0.392595016283,0.308978969778,0.0596487795755
51.088,0.399130298525,0.309657501762,0.0619083185181
51.105,0.406432414591,0.309546435294,0.0638219529644
51.122,0.414117943626,0.308554571689,0.0653482729554
51.139,0.42344587832,0.306721017344,0.0669909707571
51.155,0.433961794277,0.303416375566,0.068263532927
51.172,0.445437684735,0.299246018132,0.0700304862927
51.189,0.457678203728,0.294185996811,0.0723128831172
51.205,0.470886460224,0.289893006919,0.0758005921813
51.224,0.485790320314,0.285312037102,0.0790645583797
51.239,0.50000032166,0.280147963884,0.0808881708107
51.255,0.51521125254,0.274686154115,0.0816988809876
51.272,0.530244663567,0.270431827156,0.0833589024903
51.289,0.545213066753,0.26662765783,0.0863523389942
51.305,0.560448511468,0.262002777704,0.0886577965219
51.322,0.575482303445,0.256247376452,0.0902289618543
51.339,0.592144428514,0.249773965001,0.0901723156906
51.356,0.60850797481,0.244028965442,0.0893776168814
51.372,0.623697043021,0.239600359196,0.0897491603377
51.389,0.639410061205,0.236364213475,0.0909888011461
51.406,0.654436835763,0.233186275987,0.0925739574653
51.423,0.669581016613,0.228961893338,0.0948352453704
51.439,0.684715027236,0.223168086475,0.097053603566
51.457,0.699345804372,0.216361897451,0.0988558384547
51.473,0.712848825291,0.208609398673,0.0999757168754
51.489,0.725076241368,0.20147999002,0.100345026846
51.507,0.736131105376,0.194630272353,0.100178145091
51.523,0.747196614825,0.188393049505,0.100169515279
51.539,0.756964585879,0.181351690048,0.0997777477952
51.556,0.76733174231,0.173538297028,0.100412881913
51.573,0.775514232084,0.165340807035,0.100226707228
51.59,0.784449683197,0.156415542089,0.100295895735
51.606,0.792519512766,0.14658475067,0.098768731761
51.623,0.799578464593,0.136519672682,0.0963899129599
51.641,0.806690196434,0.125658339624,0.0939383713966
51.656,0.812883090041,0.11460170445,0.091068234268
51.673,0.817814860197,0.103907544708,0.0867863954187
51.691,0.821905493511,0.0934265933946,0.0815628668624
51.708,0.827224782389,0.0832026782019,0.0769363499247
51.723,0.831870460121,0.073727757641,0.0730886954655
51.74,0.837025947483,0.0644113536872,0.0701247747225
51.757,0.842770419927,0.0554485594735,0.0675153399518
51.773,0.847427906724,0.0467698675498,0.0648333743145
51.79,0.853089069925,0.0383391328087,0.0621273796837
51.807,0.858845190365,0.0307053091621,0.0584948766814
51.823,0.864663062379,0.024210397638,0.0539250386261
51.841,0.869999060021,0.0175264252079,0.049309934227
51.857,0.876359250378,0.0100055862253,0.044506842602
51.874,0.881940653989,0.00144948179156,0.0395481957731
51.89,0.888983821365,-0.00740139350731,0.0345554105881
51.907,0.895177795856,-0.0163133127281,0.0301151202006
51.924,0.901991472042,-0.0257851226124,0.0263432782376
51.942,0.909387439454,-0.0365296646552,0.0223869370642
51.957,0.916010652449,-0.0481699889605,0.017002806088
51.974,0.922212478246,-0.0584049187631,0.0104800735828
51.991,0.928157659512,-0.0681531057396,0.00477217506279
52.007,0.934206821279,-0.0770746076794,0.000766619325151
52.024,0.940435183474,-0.0865179766009,-0.00237269262622
52.041,0.947111997169,-0.0953559836317,-0.00493060092344
52.057,0.954725233095,-0.102818576847,-0.0078032754212
52.074,0.962779847875,-0.109888595164,-0.0105049586334
52.091,0.970636133827,-0.116567079354,-0.012737492347
52.107,0.97785426945,-0.122918248838,-0.014728392387
52.124,0.985853098667,-0.12794424495,-0.0167628238518
52.141,0.993657767675,-0.131906908699,-0.0186974614684
52.158,1.00131888976,-0.134644753649,-0.0204169608393
52.174,1.00962359297,-0.136454022362,-0.022323143164
52.192,1.01873026635,-0.137977219256,-0.0247658931662
52.208,1.02814354967,-0.140657501987,-0.027296976332
52.224,1.03760499263,-0.143863478018,-0.0304751965305
52.241,1.04702981479,-0.146390414221,-0.0337349436704
52.258,1.05652764253,-0.146994950707,-0.036017042421
52.276,1.06590638512,-0.147197561878,-0.0365894430859
52.291,1.07606053289,-0.147891818257,-0.0371559467729
52.308,1.08592964564,-0.149418723674,-0.0387645511077
52.325,1.09594087615,-0.151689238582,-0.0416019751746
52.341,1.10537333812,-0.153899282088,-0.0444029163893
52.358,1.11382280199,-0.155601927279,-0.0465453814856
52.375,1.12249432619,-0.156767876784,-0.0478544841165
52.392,1.13134470863,-0.157325222741,-0.0490023176587
52.408,1.13980005094,-0.158453751114,-0.0498202338233
52.425,1.14797109389,-0.159940014616,-0.0510539330565
52.442,1.15692686016,-0.161295314686,-0.0525742930003
52.459,1.16543701818,-0.163155085072,-0.0535115459269
52.475,1.17420902597,-0.165169511718,-0.0554128781415
52.492,1.1828697692,-0.167269538087,-0.0570568275981
52.509,1.19225074025,-0.169157988375,-0.0591913288561
52.525,1.20185660958,-0.171459137999,-0.0608966691247
52.542,1.21184202256,-0.174473491305,-0.0622532037512
52.559,1.22280945282,-0.177720584815,-0.064114483028
52.575,1.23473195123,-0.18214576946,-0.0655506045068
52.592,1.24625937856,-0.187091885006,-0.0676473832541
52.609,1.25904779738,-0.192412440032,-0.0702336469945
52.625,1.27186478775,-0.197909643404,-0.0739666793572
52.644,1.28484033148,-0.205550358824,-0.0773710115984
52.659,1.29840458039,-0.213698433909,-0.0823085174495
52.675,1.31182607346,-0.223029121915,-0.0881490329931
52.692,1.32378557645,-0.232868742725,-0.093672535209
52.709,1.33653013948,-0.242968098657,-0.0997725521032
52.726,1.34857163169,-0.253428013359,-0.105450497633
52.744,1.36064803741,-0.26211658895,-0.111656204239
52.759,1.37188190942,-0.269241131083,-0.116070347643
52.776,1.38335456761,-0.27566028731,-0.119836712587
52.792,1.39408047813,-0.282383392217,-0.122593531606
52.809,1.40520839391,-0.290761161976,-0.126683411736
52.826,1.41696882205,-0.299255111294,-0.131703635673
52.843,1.42786989208,-0.305302223799,-0.137051911909
52.86,1.43815876291,-0.30932392599,-0.140114494443
52.876,1.44809460017,-0.313719510684,-0.142720908776
52.893,1.45872549237,-0.317618146976,-0.146683140847
52.909,1.46884887621,-0.320030068059,-0.150090894389
52.926,1.47835084092,-0.320692499616,-0.152101404828
52.943,1.48738106127,-0.319985117747,-0.153437607425
52.96,1.49606738964,-0.31891580422,-0.154431434994
52.976,1.50369485524,-0.317072030663,-0.155740906494
52.993,1.51090142481,-0.314085161975,-0.156713689636
53.01,1.51750585899,-0.310837292759,-0.157626949203
53.026,1.52389606109,-0.308791083459,-0.158758310203
53.044,1.53011573434,-0.307720983165,-0.159560717885
53.06,1.53617733764,-0.306523190303,-0.161062240542
53.076,1.5417252968,-0.304500261116,-0.162781077069
53.093,1.5470915546,-0.302058303259,-0.163334995364
53.11,1.55170739694,-0.299388454263,-0.164089730522
53.127,1.55617115544,-0.29689380622,-0.164200109558
53.143,1.56070121806,-0.294166583195,-0.164661413888
53.16,1.56547865165,-0.291124339671,-0.165353591139
53.177,1.56965109353,-0.288671515991,-0.165608927979
53.193,1.57481846208,-0.286182058897,-0.166620006288
53.21,1.5792752195,-0.283705102447,-0.16654574689
53.227,1.58471663446,-0.280929304117,-0.166533884432
53.245,1.5908652677,-0.278012418392,-0.166283240208
53.261,1.59695511119,-0.27493721725,-0.166348106922
53.277,1.6029208025,-0.271490089054,-0.16546807503
53.294,1.60977294617,-0.267755177238,-0.165243733917
53.311,1.61726580517,-0.264201804286,-0.164976979834
53.327,1.6244831446,-0.260648028586,-0.165156608943
53.344,1.63319458007,-0.25652281017,-0.165646934894
53.36,1.64128384889,-0.252722823367,-0.165439917094
53.377,1.64987635438,-0.248660312039,-0.165588970501
53.394,1.6579494546,-0.244886552774,-0.16514338453
53.411,1.66695994606,-0.241493962573,-0.165178121324
53.427,1.6750523269,-0.237498209542,-0.164617960895
53.444,1.68298049563,-0.233888539091,-0.164399295523
53.461,1.69164907748,-0.230069592971,-0.164267170242
53.477,1.69937440261,-0.226679338463,-0.163423163528
53.494,1.70651306507,-0.222730926048,-0.162462748671
53.511,1.71468996459,-0.21824777431,-0.161073434509
53.528,1.72225180964,-0.214444551802,-0.160238966802
53.544,1.72934633119,-0.210794590592,-0.159321675977
53.562,1.73624545014,-0.205707798754,-0.158634144246
53.578,1.74305635801,-0.201099377211,-0.157730716269
53.594,1.74928909402,-0.195469799738,-0.156109277374
53.611,1.75517019011,-0.190399632446,-0.155572792539
53.628,1.76106135399,-0.185325998326,-0.155227939528
53.646,1.76607327298,-0.18003053867,-0.154018688581
53.661,1.77212835894,-0.174748500523,-0.152967834373
53.678,1.77757906977,-0.170361864945,-0.151653361643
53.695,1.78278623493,-0.166266500029,-0.150421761402
53.711,1.78878944126,-0.161890725852,-0.149235147527
53.728,1.79350535508,-0.157622118181,-0.147510296305
53.745,1.79937685028,-0.153334888528,-0.146948245981
53.761,1.80387711501,-0.149295835267,-0.145400648141
53.778,1.80937954759,-0.145566766508,-0.144953247374
53.796,1.81527115595,-0.142429404012,-0.144288809236
53.812,1.82155840207,-0.138383224198,-0.144805908315
53.828,1.82821722224,-0.133363338553,-0.144909243574
53.845,1.83391005647,-0.128685573452,-0.144514793186
53.862,1.83998796124,-0.124634645067,-0.143639157183
53.879,1.84684832369,-0.120821205861,-0.143248516812
53.895,1.8533853272,-0.116975963263,-0.1428558972
53.912,1.8602579759,-0.112736819525,-0.141991804165
53.929,1.8677817157,-0.107796126119,-0.140798673861
53.945,1.87536695014,-0.102482400004,-0.139303326594
53.963,1.88278520803,-0.0971055668935,-0.137139940649
53.979,1.89061754776,-0.0919564364291,-0.134820707031
53.995,1.89900466929,-0.0869217593232,-0.132590422578
54.012,1.90745384726,-0.0824349696475,-0.130418034227
54.029,1.91716992446,-0.0777331747594,-0.127464567723
54.045,1.92655158157,-0.0730131335383,-0.124865491976
54.062,1.93676835445,-0.0686484828536,-0.122269086497
54.079,1.94717031919,-0.0637127847697,-0.119574057422
54.097,1.95769771912,-0.0591349659557,-0.117582343985
54.112,1.96850569681,-0.0548175543473,-0.11490436577
54.129,1.98032892568,-0.0508505775718,-0.112219869065
54.146,1.99225844394,-0.0463961143834,-0.109500483807
54.162,2.00511711989,-0.0431110220509,-0.106272192896
54.18,2.01836438354,-0.0393452332952,-0.103831887565
54.196,2.03205088424,-0.0359494749854,-0.100773158423
54.212,2.04611736648,-0.0322088584795,-0.097545908078
54.229,2.06109852864,-0.0287385844727,-0.0943225528136
54.246,2.07608592839,-0.0254910431217,-0.0912973886733
54.263,2.09051367433,-0.0233424425069,-0.087916435323
54.279,2.10610433706,-0.0199851321954,-0.0853568369135
54.296,2.1210651318,-0.0167672031617,-0.0822294055065
54.313,2.13622120565,-0.0138413233544,-0.0792733296041
54.331,2.15157581342,-0.0117192628143,-0.0764535858994
54.346,2.16660178965,-0.00861861563883,-0.0733829072855
54.363,2.18165338806,-0.00600747703469,-0.0706448592813
54.38,2.19702593749,-0.00354212548697,-0.0673926833032
54.396,2.21221286658,-0.00166897969482,-0.0649347634214
54.413,2.22657080356,-0.000149058080552,-0.0619722046509
54.43,2.24161055873,0.00115668569793,-0.059515562279
54.446,2.25659282139,0.00307608641114,-0.0566477443231
54.463,2.27113555172,0.00457443087363,-0.0538172762247
54.48,2.28548375194,0.00580921701389,-0.0506694275719
54.498,2.29961053858,0.00736794870338,-0.0478811301302
54.514,2.31436449965,0.00886150717645,-0.0451868892613
54.531,2.32895311486,0.00947030585943,-0.0417832891789
54.547,2.34296510434,0.0100179755262,-0.0391967140224
54.563,2.3571253295,0.0103448891517,-0.0362358695953
54.58,2.37101387271,0.0103280001695,-0.0335720747857
54.597,2.38585870012,0.00989733110495,-0.0309607712664
54.613,2.39980643483,0.00963263010802,-0.0290580310192
54.63,2.41372999831,0.00979575601487,-0.0270961572069
54.648,2.42796714274,0.0111440302763,-0.0252138358046
54.663,2.4427911853,0.0115364910341,-0.0227899369344
54.68,2.45716509171,0.0106182454103,-0.0202007234899
54.697,2.47267614821,0.00861945986019,-0.0184491038276
54.714,2.48652408443,0.00695426954144,-0.0168536622792
54.731,2.50233725085,0.00679260887452,-0.0145775987544
54.747,2.51924370954,0.00765661692776,-0.0120946909629
54.764,2.53616433002,0.00794708121885,-0.00981386379868
54.781,2.55273106019,0.00725842117043,-0.00736683383673
54.797,2.57120823475,0.00674606895619,-0.00487111606414
54.814,2.5897637503,0.00667200500973,-0.00234397172767
54.831,2.60971691168,0.00616606912847,-0.000756748661001
54.847,2.62937398937,0.00566929600535,0.000823320256068
54.864,2.65003801108,0.00503588632511,0.00289986606506
54.881,2.67249238425,0.005157145418,0.00533001764951
54.897,2.69635443038,0.00440689292815,0.00761702728332
54.914,2.71981758276,0.00254439320737,0.00973407232842
54.931,2.74424211052,0.000822786211635,0.0124887691595
54.947,2.77004709571,-0.000605488284997,0.0144736213607
54.964,2.79420510584,-0.00140053509186,0.016585992872
54.981,2.81962650482,-0.00264629693662,0.0184459446207
54.998,2.84676473817,-0.00234133847915,0.0211031528072
55.014,2.87507615515,-0.00262244145984,0.0225285695682
55.031,2.90265830045,-0.00397370607769,0.0237816013025
55.048,2.93036232339,-0.00652639072051,0.0244770163503
55.064,2.95832488575,-0.00858265536083,0.024611273088
55.081,2.98598046596,-0.0102781112836,0.0248830947956
55.098,3.01259781589,-0.0130564056805,0.0243972926644
55.115,3.03780651628,-0.0162497411257,0.023395662701
55.131,3.06144150057,-0.019446692682,0.0227268817636
55.148,3.08470399829,-0.0222328590619,0.0220130462918
55.165,3.10646836502,-0.0258449205484,0.0210272284929
55.182,3.12687314824,-0.0291195944421,0.0195137920821
55.198,-3.13676499054,-0.031312649758,0.0189927088453
55.215,-3.11722307531,-0.0324215609579,0.0197232975738
55.233,-3.0976917701,-0.0339950421367,0.0192059118968
55.248,-3.07866486675,-0.0356962849904,0.0182243336013
55.265,-3.05985971249,-0.0378597218249,0.016607285144
55.282,-3.04189724033,-0.0403219308189,0.0154129319804
55.299,-3.0235664779,-0.0427149043072,0.0150980039411
55.315,-3.00691939736,-0.0445301917392,0.014544575353
55.332,-2.99076897329,-0.0453943409771,0.0142915263957
55.349,-2.97440488206,-0.0467067060903,0.0139944022093
55.365,-2.95917151022,-0.0493004474819,0.0140064434819
55.382,-2.94522874073,-0.0522738994502,0.0132952733336
55.399,-2.9326310018,-0.0550975691008,0.0131886807547
55.415,-2.92147450552,-0.0558026979316,0.0135577185785
55.433,-2.91117833114,-0.0559549329143,0.0154816974675
55.449,-2.90071440068,-0.0581727082767,0.0185745517869
55.465,-2.89149176605,-0.0605100853818,0.0199052057893
55.482,-2.88170100404,-0.0610657274086,0.0209716167946
55.499,-2.87282047456,-0.0601661928669,0.0219628021559
55.516,-2.86396778133,-0.0596473345148,0.0248188666771
55.533,-2.85478586252,-0.0602800472895,0.0265403939755
55.549,-2.84592624483,-0.0615752886413,0.0266424388815
55.566,-2.83772132764,-0.0622834166442,0.0269195350787
55.582,-2.82988843445,-0.0612930789357,0.0268489276579
55.6,-2.82278465144,-0.0614167148317,0.027840556427
55.616,-2.81536933392,-0.0612460488688,0.0287324947964
55.632,-2.80842249018,-0.0604562714203,0.0300933467378
55.651,-2.80196814177,-0.0591429212211,0.0312722932137
55.666,-2.79520327022,-0.057847613688,0.0319481928219
55.683,-2.78958206984,-0.0560534618105,0.0329490046041
55.7,-2.78332314595,-0.0544229449178,0.0330153417493
55.716,-2.77719912766,-0.0526906306312,0.0340176304825
55.733,-2.77161829951,-0.0505235998678,0.0350195394
55.749,-2.76580364472,-0.0487797909105,0.0355017026735
55.766,-2.76044541876,-0.0473350198865,0.0362380334821
55.784,-2.75536275693,-0.0467796037387,0.03729809903
55.8,-2.7504080624,-0.0453400279496,0.0383010162452
55.816,-2.74583802674,-0.0443989186805,0.039294868153
55.833,-2.74174174959,-0.0432090115035,0.0404266202956
55.85,-2.73743335776,-0.0416137069737,0.0423868933667
55.866,-2.73234643612,-0.0396096663446,0.0442798627378
55.883,-2.7277774567,-0.0361325500158,0.0467525240047
55.9,-2.72265333066,-0.0310164821133,0.0503257048979
55.916,-2.71703157523,-0.0245455729896,0.0564043963943
55.933,-2.71077677075,-0.0169477047202,0.0629031077905
55.95,-2.70554537448,-0.00884995010328,0.0693429158257
55.967,-2.70121540983,-0.000284585073841,0.075906113308
55.983,-2.69746719332,0.00896956791118,0.084362503887
56.0,-2.69465090755,0.0184761017486,0.0926067580817
56.017,-2.69215491405,0.0273913904513,0.100313878507
56.033,-2.69021841248,0.0376884652906,0.10868006876
56.05,-2.68698919035,0.0498477028566,0.1187894432
56.067,-2.68371543908,0.0623625191977,0.129122031889
56.084,-2.68053910268,0.0755657762499,0.139188874024
56.1,-2.67688240247,0.0887524012626,0.149024848378
56.117,-2.673194415,0.102187923707,0.158830947814
56.134,-2.66990959849,0.114723762352,0.167174673487
56.151,-2.66672649155,0.12567459265,0.174165172547
56.167,-2.66334082246,0.13614584163,0.181114494779
56.184,-2.66062551066,0.144901262938,0.18730813056
56.201,-2.65789704302,0.151983123363,0.192046125792
56.217,-2.65597603509,0.157782298599,0.195896538996
56.234,-2.65437773931,0.16228522346,0.198975390114
56.251,-2.65287684362,0.164979336277,0.201640025457
56.267,-2.6520538807,0.167279412999,0.202452365576
56.284,-2.65045462232,0.170319694251,0.203392047603
56.302,-2.64846334557,0.172624672834,0.204140412465
56.317,-2.64610284584,0.174977584325,0.204831519928
56.334,-2.64388686536,0.176595981455,0.20533074404
56.351,-2.64134034017,0.178058210404,0.205940235946
56.367,-2.63858000272,0.179870168282,0.205987717843
56.384,-2.63754795664,0.180098607782,0.206082455746
56.401,-2.6355064501,0.181425605658,0.206387073436
56.418,-2.63197499151,0.18424039504,0.207211415691
56.434,-2.62937289077,0.186984198968,0.208284090865
56.456,-2.62762217062,0.18814168161,0.208694092317
56.474,-2.62599294489,0.190579247053,0.209471883765
56.488,-2.62440327476,0.193815234368,0.211321086337
56.504,-2.62354251936,0.196990084403,0.212819260446
56.519,-2.62354110218,0.199847021953,0.214852513499
56.539,-2.62466727194,0.201676239962,0.2169350894
56.561,-2.62568675104,0.20269892402,0.218112995038
56.585,-2.62829254188,0.20341607436,0.219621127163
56.601,-2.62945363131,0.204885883207,0.220914332797
56.618,-2.6307234151,0.207141907247,0.222215666611
56.635,-2.63218752426,0.209388021341,0.223711584842
56.653,-2.63397233807,0.212278913828,0.225949178016
56.669,-2.63578392373,0.214893422799,0.227888147402
56.685,-2.63753995655,0.216850105789,0.22959303064
56.702,-2.63919208825,0.219748089864,0.231454380483
56.718,-2.64216013214,0.222575453695,0.232463320866
56.735,-2.64574333423,0.225048599157,0.233709071587
56.752,-2.6483909144,0.227576260463,0.236051977692
56.768,-2.6507922779,0.230211481515,0.237787864011
56.785,-2.65451934593,0.233100698641,0.238711165845
56.802,-2.65901887595,0.237030107086,0.239534596945
56.819,-2.66395463439,0.240634367253,0.241042911164
56.835,-2.66899859287,0.244233101135,0.242652754799
56.852,-2.67360911695,0.247459892986,0.244367651622
56.869,-2.68017688303,0.250404496245,0.245871629977
56.885,-2.68717393999,0.254408250673,0.248512515257
56.902,-2.69425539204,0.258909294893,0.251504133454
56.919,-2.70209590179,0.26368453324,0.255048835877
56.936,-2.70992962836,0.2683050212,0.258058100445
56.952,-2.71918040589,0.273962313686,0.260907809626
56.969,-2.7290176688,0.281545017705,0.264758651607
56.986,-2.73809559606,0.29044973836,0.270043893798
57.002,-2.74726876904,0.300053352677,0.276698889799
57.019,-2.75858796022,0.310338311103,0.282200456991
57.036,-2.77002754704,0.322556947936,0.289062317304
57.052,-2.78318787884,0.335461681724,0.296517320425
57.07,-2.79602757117,0.349336765401,0.303629018555
57.086,-2.80773276857,0.362526375758,0.310507208451
57.103,-2.8200918972,0.374983878436,0.316748941862
57.119,-2.83292128185,0.387073377561,0.322332639964
57.136,-2.84508272531,0.398736348069,0.327867344154
57.153,-2.8574078549,0.409890728678,0.333651637959
57.169,-2.86930657395,0.419195896784,0.337923190911
57.186,-2.88263600201,0.428938956379,0.342044104094
57.203,-2.89578553691,0.437599405994,0.345615730511
57.22,-2.90871777228,0.446076184912,0.349310574577
57.236,-2.92297183115,0.453038139073,0.352878375772
57.253,-2.93716575263,0.458934618229,0.35633631199
57.27,-2.95132801747,0.464251705723,0.36016580172
57.286,-2.96460368823,0.468964303578,0.364144845804
57.303,-2.97697424022,0.473072723086,0.367129037285
57.32,-2.99091194833,0.477408022615,0.369162955334
57.336,-3.00488006837,0.481715710504,0.370973532835
57.353,-3.01957634009,0.486017886474,0.37375090214
57.37,-3.03283326942,0.490347463023,0.376280312073
57.387,-3.04617039744,0.494509054678,0.379002349859
57.403,-3.05963531975,0.498169090347,0.38136644527
57.42,-3.07497324857,0.501961243515,0.384204350098
57.437,-3.09058722522,0.505192771055,0.386373544824
57.453,-3.10738261512,0.509385490921,0.388358276489
57.471,-3.12416095328,0.51317191377,0.390682974182
57.487,-3.14066756399,0.516019965092,0.392747864672
57.504,3.12520335207,0.518885517068,0.393718331457
57.52,3.1074516412,0.521234735644,0.394244003494
57.537,3.08929371915,0.525023359879,0.394776727482
57.554,3.0701520505,0.528019456736,0.394602744861
57.57,3.05283950989,0.529983011159,0.394884136904
57.587,3.03539851033,0.531046479799,0.394233367144
57.604,3.01790156014,0.532902345382,0.392939376275
57.621,2.99919295463,0.534297625535,0.391331624217
57.637,2.97951671553,0.535593790667,0.387550123652
57.655,2.958756288,0.536712945032,0.384328916731
57.671,2.9384007811,0.537346004223,0.381019021799
57.687,2.91769603418,0.53787489118,0.377841293238
57.704,2.8978147239,0.537456954589,0.374472436354
57.721,2.87658891267,0.536732871516,0.370513591761
57.737,2.85508599566,0.535288312925,0.365959545146
57.755,2.83316306668,0.534265554087,0.361307502897
57.771,2.81090438028,0.532830705881,0.356552782349
57.788,2.78789215626,0.530884941568,0.351622764152
57.804,2.76366816504,0.528258803751,0.345831653912
57.821,2.73871096812,0.52562851417,0.339976918857
57.838,2.71380071376,0.523765503444,0.334151699467
57.854,2.6882694801,0.522445202118,0.328430031128
57.871,2.66197355547,0.519954537614,0.32212779236
57.888,2.63477100742,0.515667250266,0.315598013742
57.905,2.60764898165,0.512501662925,0.30839556032
57.921,2.57976175469,0.511039635189,0.301646156501
57.938,2.55199528926,0.50904005665,0.29498846767
57.956,2.52301678267,0.504768295643,0.287191170931
57.972,2.49289613749,0.498933388025,0.278233057718
57.988,2.46300923638,0.49620592833,0.269740703853
58.005,2.43407403202,0.495376474751,0.262177011584
58.022,2.40489749571,0.493357120614,0.253767669503
58.038,2.37577815577,0.488608620767,0.244674164607
58.055,2.3441798611,0.481389683438,0.232729606502
58.072,2.31158350907,0.473729018618,0.220150231489
58.088,2.27893419868,0.465417857129,0.207109906089
58.105,2.2466646799,0.456330619,0.194744486619
58.122,2.21325662459,0.445208217827,0.182373576549
58.139,2.18005954101,0.434231515689,0.170709413752
58.156,2.14688523369,0.423385197085,0.160965284867
58.172,2.11386483072,0.414020639071,0.152599961172
58.189,2.0813973869,0.403991867822,0.144742765477
58.205,2.04814223184,0.393208868706,0.135864802534
58.222,2.01412182187,0.380413946178,0.126581323247
58.239,1.98076760429,0.366450559109,0.116738796302
58.255,1.94757134745,0.351635028935,0.106967025348
58.272,1.9149452002,0.336662039184,0.0960918675281
58.289,1.88173987212,0.321807593767,0.0856773053059
58.305,1.84894934866,0.307071318361,0.0747520902962
58.322,1.81641438749,0.291563370448,0.0636835480671
58.339,1.78523537032,0.275797975098,0.0540980622849
58.356,1.75538433765,0.260376906823,0.0445481697031
58.372,1.7263735725,0.244571151829,0.0341487703685
58.389,1.69655870396,0.228940870255,0.0236227510791
58.407,1.66817434062,0.214093358548,0.013044003426
58.423,1.63947806407,0.199541285665,0.0030007908585
58.439,1.61185426664,0.186194282185,-0.00733337229554
58.456,1.58535720706,0.173038449336,-0.017298655069
58.473,1.55919752879,0.159939313589,-0.0265568051361
58.489,1.53420437864,0.14630183004,-0.0349691162829
58.506,1.50992575093,0.131062111003,-0.0431033272237
58.523,1.48683205245,0.115468947238,-0.0508333418985
58.539,1.46490064327,0.101005502715,-0.0571040522353
58.556,1.44375875446,0.0896669088731,-0.0622663412726
58.573,1.42320294571,0.0800447411983,-0.0662217199992
58.591,1.4037796416,0.0717714283832,-0.0698363431667
58.606,1.38550639446,0.0629617906282,-0.0734249709151
58.623,1.36822410806,0.0535202703063,-0.076420267079
58.64,1.35195268491,0.0453338089994,-0.078585769577
58.658,1.33744748905,0.0394606054065,-0.0795708897016
58.673,1.3233581354,0.0337804189001,-0.0809605060854
58.69,1.31029878139,0.0283853799108,-0.082809304952
58.706,1.2988665602,0.0221093526177,-0.0844850971977
58.723,1.28867127387,0.016464858944,-0.0853640357069
58.74,1.27937473568,0.0119861242,-0.0858376861924
58.757,1.27114428899,0.00851416282628,-0.0862054341033
58.773,1.26458208253,0.00519460506177,-0.086546421651
58.791,1.25833229585,0.00146239428125,-0.086929925864
58.807,1.25320641455,-0.00177249926813,-0.0870328318752
58.823,1.24845181415,-0.0048449527747,-0.0869313625627
58.84,1.24508507807,-0.00657099336691,-0.0864011935917
58.858,1.24300233108,-0.00803104443034,-0.0861667811553
58.873,1.24023855279,-0.00963710959194,-0.0852818661758
58.89,1.24050281943,-0.0105180058307,-0.0846709622408
58.907,1.24169363249,-0.0102470471458,-0.0839387214749
58.924,1.24207185317,-0.0103110383264,-0.0833211053268
58.94,1.2422683272,-0.0105959720153,-0.0829535336646
58.957,1.24293123934,-0.0113443952868,-0.0820234190635
58.974,1.24444178713,-0.0124531716936,-0.0807512950552
58.99,1.24730798263,-0.013379498596,-0.0784519704549
59.007,1.25103102956,-0.0139671836404,-0.0763037362012
59.024,1.25376951049,-0.014663742227,-0.0746027345065
59.041,1.25757403486,-0.0154867097633,-0.0734469819821
59.057,1.26103005572,-0.0162914715292,-0.0722165877679
59.074,1.26433558002,-0.0174626508887,-0.0710335358799
59.091,1.26761515925,-0.018480708335,-0.0699269752625
59.107,1.27121569239,-0.0189828189477,-0.068568724822
59.124,1.27421051455,-0.020135017672,-0.0674001946421
59.141,1.27780649073,-0.020971661786,-0.0667897707468
59.158,1.28098795795,-0.022207213161,-0.0663934532565
59.174,1.28458608692,-0.0232634756672,-0.0659013000604
59.191,1.28741261869,-0.0241298290452,-0.0657214134532
59.208,1.28971548853,-0.0245783997112,-0.0652022249075
59.224,1.29256691186,-0.0250657740527,-0.0652616802718
59.241,1.29561330459,-0.0254334912465,-0.0651439806422
59.258,1.29826433994,-0.0256693886688,-0.0645908860749
59.275,1.30080383012,-0.0254377071302,-0.064260747365
59.291,1.30277424936,-0.0247688227921,-0.0638490295802
59.308,1.30540889254,-0.0242307245799,-0.0636303530421
59.325,1.3069319526,-0.0241879522863,-0.0632372265791
59.341,1.3095286892,-0.0238600048917,-0.0629310208149
59.358,1.31204100233,-0.0235499031276,-0.0621921237322
59.375,1.31477131241,-0.0231136793154,-0.0614199410591
59.391,1.316466388,-0.0230219029583,-0.0608169765217
59.408,1.32020560677,-0.0231087562207,-0.0598532968263
59.425,1.32312535682,-0.0237007453025,-0.0592952487365
59.443,1.32689720601,-0.0238297240236,-0.0582536937536
59.458,1.33068729943,-0.0244334993239,-0.057699738438
59.475,1.33511015752,-0.0244888874138,-0.0566878231006
59.492,1.33886247218,-0.0250060592192,-0.0562935903396
59.508,1.34284718881,-0.0250171262806,-0.055592946573
59.525,1.34616775147,-0.0251298149013,-0.0546671757211
59.542,1.35037107978,-0.0253345507521,-0.0537892748665
59.559,1.35386550306,-0.0253844149051,-0.053197225915
59.575,1.35751177142,-0.0257511680161,-0.0520086676485
59.592,1.36064409694,-0.0258257695815,-0.0510379673645
59.609,1.36417368404,-0.0257413857341,-0.0496192439106
59.626,1.36774783027,-0.0261591567962,-0.0480962404765
59.642,1.37043772167,-0.0263967611527,-0.0464608630554
59.66,1.37299324578,-0.0272622296605,-0.0445801712289
59.676,1.37647784818,-0.0282155294752,-0.0433168761638
59.692,1.37888460929,-0.0292275528263,-0.0413208317109
59.709,1.38131799139,-0.0300525416289,-0.0395894595123
59.726,1.38438802077,-0.031315131721,-0.0384626939365
59.742,1.38684127329,-0.0324122731303,-0.0368390674863
59.759,1.38887276884,-0.0326497902982,-0.0357854474468
59.776,1.39084171849,-0.0332977898731,-0.0348856246213
59.792,1.39266278134,-0.0337261951949,-0.0343344176697
59.809,1.39424328799,-0.0342628291538,-0.0334911492178
59.826,1.39571815,-0.0349104637084,-0.0324189507625
59.842,1.39710403855,-0.0354569724333,-0.03190280091
59.859,1.39824542801,-0.0361033055431,-0.0310173957895
59.876,1.39956629172,-0.0368009940031,-0.0299611091295
59.893,1.40065307046,-0.0373651127633,-0.0289576387505
59.91,1.4016084841,-0.0375918343262,-0.0284011399077
59.926,1.40252160205,-0.0377329317907,-0.0272745763617
59.943,1.40340801206,-0.037760059324,-0.0262744388851
59.96,1.40396336775,-0.0379290229174,-0.025407139603
59.976,1.40485299753,-0.037778661881,-0.0245727329668
59.993,1.40540153596,-0.0376899822779,-0.0237075456396
60.009,1.40662605024,-0.0375918700755,-0.0226379106487
60.026,1.40781647739,-0.0378461213072,-0.0218408514362
60.043,1.40920044369,-0.0382699126697,-0.0211808723587
60.061,1.41085169875,-0.0387533208963,-0.0206179899489
60.076,1.41162896796,-0.038986791828,-0.0199735120491
60.093,1.41295218594,-0.0390100768606,-0.0193890478995
